100,547,1,0
100,528,2,0
100,530,3,0
100,531,4,0
100,532,5,0
100,533,6,0
100,534,7,0
100,535,8,0
100,536,9,0
100,537,10,0
100,538,11,0
100,518,12,0
100,539,13,0
100,540,14,0
100,494,15,0
100,495,16,0
100,496,17,0
100,497,18,0
100,498,19,0
100,499,20,0
100,300,21,1
101,300,1,0
101,404,2,0
101,402,3,0
101,403,4,0
101,405,5,0
101,516,6,0
101,517,7,0
101,518,8,0
101,519,9,0
101,520,10,0
101,521,11,0
101,522,12,0
101,523,13,0
101,524,14,0
101,525,15,0
101,526,16,0
101,527,17,0
101,529,18,0
101,547,19,1
300,497,1,0
300,498,2,0
300,499,3,0
300,300,4,0
300,404,5,0
300,402,6,0
300,403,7,0
300,405,8,0
300,406,9,0
300,407,10,0
300,408,11,0
300,545,12,0
300,409,13,0
300,410,14,0
300,411,15,0
300,412,16,0
300,413,17,0
300,414,18,0
300,415,19,0
300,416,20,0
300,417,21,0
300,418,22,0
300,419,23,0
300,420,24,0
300,421,25,0
300,422,26,0
300,423,27,0
300,424,28,0
300,425,29,0
300,426,30,0
300,427,31,0
300,3449151,32,0
300,428,33,0
300,429,34,0
300,430,35,0
300,431,36,0
300,432,37,0
300,433,38,0
300,434,39,0
300,435,40,0
300,436,41,0
300,437,42,0
300,438,43,0
300,439,44,0
300,440,45,0
300,441,46,0
300,442,47,0
300,443,48,0
300,444,49,0
300,445,50,0
300,446,51,0
300,447,52,0
300,449,53,1
301,482,1,0
301,483,2,0
301,546,3,0
301,419,4,0
301,420,5,0
301,421,6,0
301,422,7,0
301,484,8,0
301,485,9,0
301,486,10,0
301,415,11,0
301,487,12,0
301,488,13,0
301,489,14,0
301,409,15,0
301,410,16,0
301,411,17,0
301,490,18,0
301,491,19,0
301,492,20,0
301,493,21,0
301,494,22,0
301,495,23,0
301,496,24,0
301,497,25,0
301,498,26,0
301,499,27,0
301,300,28,0
301,449,29,0
301,459,30,0
301,450,31,0
301,451,32,0
301,452,33,0
301,431,34,0
301,478,35,0
301,453,36,0
301,454,37,0
301,3449152,38,0
301,479,39,0
301,480,40,0
301,481,41,1
400,300,1,0
400,404,2,0
400,402,3,0
400,403,4,0
400,405,5,0
400,406,6,0
400,407,7,0
400,408,8,0
400,545,9,0
400,409,10,0
400,410,11,0
400,411,12,0
400,412,13,0
400,413,14,0
400,414,15,0
400,415,16,0
400,416,17,0
400,417,18,0
400,418,19,0
400,419,20,0
400,420,21,0
400,421,22,0
400,422,23,0
400,423,24,0
400,424,25,0
400,425,26,0
400,426,27,0
400,427,28,0
400,200,29,0
400,428,30,0
400,429,31,0
400,430,32,0
400,477,33,0
400,455,34,0
400,456,35,0
400,457,36,0
400,448,37,0
400,460,38,1
401,460,1,0
401,461,2,0
401,462,3,0
401,463,4,0
401,464,5,0
401,465,6,0
401,466,7,0
401,467,8,0
401,468,9,0
401,469,10,0
401,470,11,0
401,471,12,0
401,472,13,0
401,473,14,0
401,474,15,0
401,475,16,0
401,476,17,0
401,477,18,0
401,478,19,0
401,453,20,0
401,454,21,0
401,3449152,22,0
401,479,23,0
401,480,24,0
401,481,25,0
401,482,26,0
401,483,27,0
401,560,28,0
401,419,29,0
401,420,30,0
401,421,31,0
401,422,32,0
401,484,33,0
401,485,34,0
401,486,35,0
401,415,36,0
401,487,37,0
401,488,38,0
401,489,39,0
401,409,40,0
401,410,41,0
401,411,42,0
401,490,43,0
401,491,44,0
401,492,45,0
401,493,46,0
401,494,47,0
401,495,48,0
401,496,49,0
401,497,50,0
401,498,51,0
401,499,52,0
401,300,53,1
500,404,1,0
500,402,2,0
500,403,3,0
500,3449151,4,0
500,428,5,0
500,429,6,0
500,430,7,0
500,477,8,0
500,455,9,0
500,456,10,0
500,457,11,0
500,448,12,0
500,460,13,0
500,541,14,1
501,541,1,0
501,447,2,0
501,449,3,0
501,459,4,0
501,450,5,0
501,451,6,0
501,452,7,0
501,431,8,0
501,478,9,0
501,453,10,0
501,454,11,0
501,3449152,12,0
501,404,13,1
600,404,1,0
600,402,2,0
600,403,3,0
600,3449151,4,0
600,428,5,0
600,429,6,0
600,430,7,0
600,477,8,0
600,548,9,0
600,549,10,0
600,473,11,0
600,474,12,0
600,475,13,0
600,476,14,0
600,478,15,0
600,453,16,0
600,542,17,1
601,542,1,0
601,3449153,2,0
601,3449152,3,0
601,431,4,0
601,478,5,0
601,453,6,0
601,454,7,0
601,404,8,1
700,479,1,0
700,480,2,0
700,481,3,0
700,482,4,0
700,483,5,0
700,543,6,0
700,544,7,0
700,419,8,0
700,420,9,0
700,421,10,0
700,422,11,0
700,484,12,0
700,485,13,0
700,493,14,0
700,494,15,0
700,495,16,0
700,496,17,0
700,497,18,0
700,498,19,0
700,499,20,0
700,300,21,1
800,300,1,0
800,404,2,0
800,402,3,0
800,403,4,0
800,405,5,0
800,406,6,0
800,407,7,0
800,408,8,0
800,545,9,0
800,417,10,0
800,418,11,0
800,546,12,0
800,423,13,0
800,424,14,0
800,425,15,0
800,426,16,0
800,427,17,0
800,3449151,18,0
800,428,19,0
800,429,20,0
800,430,21,0
800,431,22,0
800,432,23,0
800,433,24,0
800,434,25,0
800,435,26,0
800,436,27,0
800,437,28,0
800,438,29,0
800,439,30,0
800,440,31,0
800,441,32,0
800,442,33,0
800,443,34,0
800,444,35,0
800,445,36,0
800,446,37,0
800,447,38,0
800,449,39,1
801,449,1,0
801,448,2,0
801,450,3,0
801,451,4,0
801,452,5,0
801,431,6,0
801,478,7,0
801,453,8,0
801,454,9,0
801,3449152,10,0
801,479,11,0
801,480,12,0
801,481,13,0
801,482,14,0
801,483,15,0
801,560,16,0
801,484,17,0
801,485,18,0
801,540,19,0
801,494,20,0
801,495,21,0
801,496,22,0
801,300,23,1
901,460,1,0
901,461,2,0
901,462,3,0
901,463,4,0
901,464,5,0
901,465,6,0
901,466,7,0
901,467,8,0
901,468,9,0
901,469,10,0
901,470,11,0
901,471,12,0
901,472,13,0
901,473,14,0
901,474,15,0
901,475,16,0
901,476,17,0
901,477,18,0
901,478,19,0
901,453,20,0
901,454,21,0
901,3449152,22,0
901,494,23,0
901,495,24,0
901,496,25,0
901,300,26,1
1001,461,1,0
1001,462,2,0
1001,463,3,0
1001,464,4,0
1001,465,5,0
1001,466,6,0
1001,467,7,0
1001,468,8,0
1001,469,9,0
1001,500,10,0
1001,501,11,0
1001,502,12,0
1001,503,13,0
1001,504,14,0
1001,505,15,0
1001,506,16,0
1001,507,17,0
1001,508,18,0
1001,509,19,0
1001,510,20,0
1001,511,21,0
1001,512,22,0
1001,477,23,0
1001,513,24,0
1001,514,25,0
1001,515,26,0
1001,454,27,0
1001,3449152,28,0
1001,493,29,0
1001,494,30,0
1001,495,31,0
1001,496,32,0
1001,497,33,0
1001,498,34,0
1001,499,35,0
1001,300,36,1
1100,547,1,0
1100,528,2,0
1100,530,3,0
1100,531,4,0
1100,532,5,0
1100,533,6,0
1100,534,7,0
1100,535,8,0
1100,536,9,0
1100,537,10,0
1100,538,11,0
1100,539,12,0
1100,300,13,1
1200,498,1,0
1200,499,2,0
1200,300,3,0
1200,404,4,0
1200,402,5,0
1200,403,6,0
1200,550,7,0
1200,551,8,0
1200,552,9,0
1200,553,10,0
1200,554,11,1
1201,554,1,0
1201,555,2,0
1201,556,3,0
1201,557,4,0
1201,558,5,0
1201,559,6,0
1201,494,7,0
1201,495,8,0
1201,496,9,0
1201,497,10,0
1201,498,11,0
1201,499,12,0
1201,300,13,1
1400,452,1,0
1400,548,2,0
1400,549,3,0
1400,473,4,0
1400,474,5,0
1400,475,6,0
1400,476,7,0
1400,479,8,0
1400,480,9,0
1400,481,10,0
1400,482,11,0
1400,483,12,0
1400,560,13,0
1400,484,14,0
1400,485,15,0
1400,494,16,0
1400,495,17,0
1400,496,18,0
1400,300,19,1
1500,300,1,0
1500,404,2,0
1500,402,3,0
1500,403,4,0
1500,417,5,0
1500,418,6,0
1500,546,7,0
1500,423,8,0
1500,424,9,0
1500,425,10,0
1500,426,11,0
1500,427,12,0
1500,3449151,13,0
1500,428,14,0
1500,429,15,0
1500,430,16,0
1500,477,17,0
1500,455,18,0
1500,456,19,0
1500,457,20,0
1500,448,21,0
1500,460,22,0
1500,541,23,1
1601,452,1,0
1601,572,2,0
1601,548,3,0
1601,561,4,0
1601,571,5,0
1601,570,6,0
1601,569,7,0
1601,568,8,0
1601,567,9,0
1601,566,10,0
1601,565,11,0
1601,564,12,0
1601,563,13,0
1601,562,14,0
1601,470,15,0
1601,471,16,0
1601,472,17,0
1601,473,18,0
1601,474,19,0
1601,475,20,0
1601,476,21,0
1601,494,22,0
1601,495,23,0
1601,496,24,0
1601,300,25,1
