100,300,1,0
100,404,2,0
100,402,3,0
100,403,4,0
100,405,5,0
100,516,6,0
100,517,7,0
100,518,8,0
100,519,9,0
100,520,10,0
100,521,11,0
100,522,12,0
100,523,13,0
100,524,14,0
100,525,15,0
100,526,16,0
100,527,17,0
100,529,18,0
100,547,19,0
100,528,20,0
100,530,21,0
100,531,22,0
100,532,23,0
100,533,24,0
100,534,25,0
100,535,26,0
100,536,27,0
100,537,28,0
100,538,29,0
100,539,30,0
100,540,31,0
100,494,32,0
100,495,33,0
100,496,34,0
100,497,35,0
100,498,36,0
100,499,37,1
300,300,1,0
300,404,2,0
300,402,3,0
300,403,4,0
300,405,5,0
300,406,6,0
300,407,7,0
300,408,8,0
300,545,9,0
300,409,10,0
300,410,11,0
300,411,12,0
300,412,13,0
300,413,14,0
300,414,15,0
300,415,16,0
300,416,17,0
300,417,18,0
300,418,19,0
300,419,20,0
300,420,21,0
300,421,22,0
300,422,23,0
300,423,24,0
300,424,25,0
300,425,26,0
300,426,27,0
300,427,28,0
300,200,29,0
300,428,30,0
300,429,31,0
300,430,32,0
300,431,33,0
300,432,34,0
300,433,35,0
300,434,36,0
300,435,37,0
300,436,38,0
300,437,39,0
300,438,40,0
300,439,41,0
300,440,42,0
300,441,43,0
300,442,44,0
300,443,45,0
300,444,46,0
300,445,47,0
300,446,48,0
300,447,49,0
300,449,50,0
300,459,51,0
300,450,52,0
300,451,53,0
300,452,54,0
300,573,55,0
300,453,56,0
300,454,57,0
300,100,58,0
300,479,59,0
300,480,60,0
300,481,61,0
300,482,62,0
300,483,63,0
300,560,64,0
300,484,65,0
300,485,66,0
300,486,67,0
300,487,68,0
300,488,69,0
300,489,70,0
300,490,71,0
300,491,72,0
300,492,73,0
300,493,74,0
300,494,75,0
300,495,76,0
300,496,77,0
300,497,78,0
300,498,79,0
300,499,80,1
400,300,1,0
400,404,2,0
400,402,3,0
400,403,4,0
400,405,5,0
400,406,6,0
400,407,7,0
400,408,8,0
400,545,9,0
400,409,10,0
400,410,11,0
400,411,12,0
400,412,13,0
400,413,14,0
400,414,15,0
400,415,16,0
400,416,17,0
400,417,18,0
400,418,19,0
400,419,20,0
400,420,21,0
400,421,22,0
400,422,23,0
400,423,24,0
400,424,25,0
400,425,26,0
400,426,27,0
400,427,28,0
400,200,29,0
400,428,30,0
400,429,31,0
400,430,32,0
400,455,33,0
400,456,34,0
400,457,35,0
400,448,36,0
400,460,37,0
400,461,38,0
400,462,39,0
400,463,40,0
400,464,41,0
400,465,42,0
400,466,43,0
400,467,44,0
400,468,45,0
400,469,46,0
400,470,47,0
400,471,48,0
400,472,49,0
400,473,50,0
400,474,51,0
400,475,52,0
400,476,53,0
400,477,54,0
400,478,55,0
400,453,56,0
400,454,57,0
400,100,58,0
400,479,59,0
400,480,60,0
400,481,61,0
400,482,62,0
400,483,63,0
400,560,64,0
400,484,65,0
400,485,66,0
400,486,67,0
400,487,68,0
400,488,69,0
400,489,70,0
400,490,71,0
400,491,72,0
400,492,73,0
400,493,74,0
400,494,75,0
400,495,76,0
400,496,77,0
400,497,78,0
400,498,79,0
400,499,80,1
500,404,1,0
500,402,2,0
500,403,3,0
500,200,4,0
500,542,5,0
500,429,6,0
500,430,7,0
500,455,8,0
500,456,9,0
500,457,10,0
500,448,11,0
500,460,12,0
500,541,13,1
501,541,1,0
501,447,2,0
501,449,3,0
501,459,4,0
501,450,5,0
501,451,6,0
501,452,7,0
501,573,8,0
501,453,9,0
501,542,10,0
501,100,11,0
501,404,12,1
600,404,1,0
600,402,2,0
600,403,3,0
600,200,4,0
600,542,5,0
600,429,6,0
600,430,7,0
600,477,8,0
600,548,9,0
600,549,10,0
600,473,11,0
600,474,12,0
600,475,13,0
600,476,14,0
600,478,15,0
600,453,16,0
600,100,17,1
601,100,1,0
601,404,2,1
700,479,1,0
700,480,2,0
700,481,3,0
700,482,4,0
700,483,5,0
700,543,6,0
700,544,7,0
700,419,8,0
700,420,9,0
700,421,10,0
700,422,11,0
700,484,12,0
700,485,13,0
700,493,14,0
700,494,15,0
700,495,16,0
700,496,17,0
700,497,18,0
700,498,19,0
700,499,20,1
800,497,1,0
800,498,2,0
800,499,3,0
800,300,4,0
800,404,5,0
800,402,6,0
800,403,7,0
800,405,8,0
800,406,9,0
800,407,10,0
800,408,11,0
800,545,12,0
800,417,13,0
800,418,14,0
800,546,15,0
800,423,16,0
800,424,17,0
800,425,18,0
800,426,19,0
800,427,20,0
800,200,21,0
800,428,22,0
800,429,23,0
800,430,24,0
800,431,25,0
800,432,26,0
800,433,27,0
800,434,28,0
800,435,29,0
800,436,30,0
800,437,31,0
800,438,32,0
800,439,33,0
800,440,34,0
800,441,35,0
800,442,36,0
800,443,37,0
800,444,38,0
800,445,39,0
800,446,40,0
800,447,41,1
900,460,1,0
900,461,2,0
900,462,3,0
900,463,4,0
900,464,5,0
900,465,6,0
900,466,7,0
900,467,8,0
900,468,9,0
900,469,10,0
900,470,11,0
900,471,12,0
900,472,13,0
900,473,14,0
900,474,15,0
900,475,16,0
900,476,17,0
900,477,18,0
900,478,19,0
900,453,20,0
900,454,21,0
900,100,22,0
900,494,23,0
900,495,24,0
900,496,25,0
900,497,26,0
900,498,27,1
1001,461,1,0
1001,462,2,0
1001,463,3,0
1001,464,4,0
1001,465,5,0
1001,466,6,0
1001,467,7,0
1001,468,8,0
1001,469,9,0
1001,500,10,0
1001,501,11,0
1001,502,12,0
1001,503,13,0
1001,504,14,0
1001,505,15,0
1001,506,16,0
1001,507,17,0
1001,508,18,0
1001,509,19,0
1001,510,20,0
1001,511,21,0
1001,512,22,0
1001,513,23,0
1001,514,24,0
1001,515,25,0
1001,454,26,0
1001,100,27,0
1001,493,28,0
1001,494,29,0
1001,495,30,0
1001,496,31,0
1001,497,32,0
1001,498,33,0
1001,499,34,0
1001,300,35,1
1101,547,1,0
1101,528,2,0
1101,530,3,0
1101,531,4,0
1101,532,5,0
1101,533,6,0
1101,534,7,0
1101,535,8,0
1101,536,9,0
1101,537,10,0
1101,538,11,0
1101,539,12,0
1101,404,13,0
1101,417,14,0
1101,418,15,0
1101,546,16,0
1101,423,17,0
1101,424,18,0
1101,425,19,0
1101,426,20,0
1101,427,21,0
1101,200,22,0
1101,428,23,0
1101,429,24,0
1101,430,25,0
1101,431,26,0
1101,432,27,0
1101,433,28,0
1101,434,29,0
1101,435,30,0
1101,436,31,0
1101,437,32,0
1101,438,33,0
1101,439,34,0
1101,440,35,0
1101,441,36,0
1101,442,37,0
1101,443,38,0
1101,444,39,0
1101,445,40,0
1101,446,41,0
1101,447,42,1
1200,498,1,0
1200,499,2,0
1200,300,3,0
1200,404,4,0
1200,402,5,0
1200,403,6,0
1200,550,7,0
1200,551,8,0
1200,552,9,0
1200,553,10,0
1200,554,11,1
1201,554,1,0
1201,555,2,0
1201,556,3,0
1201,557,4,0
1201,558,5,0
1201,559,6,0
1201,494,7,0
1201,495,8,0
1201,496,9,0
1201,497,10,0
1201,498,11,0
1201,499,12,1
1400,452,1,0
1400,548,2,0
1400,549,3,0
1400,473,4,0
1400,474,5,0
1400,475,6,0
1400,476,7,0
1400,479,8,0
1400,480,9,0
1400,481,10,0
1400,482,11,0
1400,483,12,0
1400,560,13,0
1400,484,14,0
1400,485,15,0
1400,494,16,0
1400,495,17,0
1400,496,18,0
1400,300,19,1
1500,300,1,0
1500,404,2,0
1500,402,3,0
1500,403,4,0
1500,417,5,0
1500,418,6,0
1500,546,7,0
1500,423,8,0
1500,424,9,0
1500,425,10,0
1500,426,11,0
1500,427,12,0
1500,200,13,0
1500,428,14,0
1500,429,15,0
1500,430,16,0
1500,455,17,0
1500,456,18,0
1500,457,19,0
1500,448,20,0
1500,460,21,0
1500,541,22,1
1600,452,1,0
1600,572,2,0
1600,548,3,0
1600,561,4,0
1600,571,5,0
1600,570,6,0
1600,569,7,0
1600,568,8,0
1600,567,9,0
1600,566,10,0
1600,565,11,0
1600,564,12,0
1600,563,13,0
1600,562,14,0
1600,470,15,0
1600,471,16,0
1600,472,17,0
1600,473,18,0
1600,474,19,0
1600,475,20,0
1600,476,21,0
1600,494,22,0
1600,495,23,0
1600,496,24,0
1600,300,25,1
