100,300,1,0
100,401,2,0
100,402,3,0
100,403,4,0
100,404,5,0
100,405,6,0
100,516,7,0
100,517,8,0
100,518,9,0
100,519,10,0
100,520,11,0
100,521,12,0
100,522,13,0
100,523,14,0
100,524,15,0
100,525,16,0
100,526,17,0
100,527,18,0
100,529,19,0
100,547,20,1
101,547,1,0
101,528,2,0
101,530,3,0
101,531,4,0
101,532,5,0
101,533,6,0
101,534,7,0
101,535,8,0
101,536,9,0
101,537,10,0
101,538,11,0
101,518,12,0
101,539,13,0
101,540,14,0
101,497,15,0
101,498,16,0
101,499,17,0
101,300,18,1
300,300,1,0
300,401,2,0
300,402,3,0
300,403,4,0
300,404,5,0
300,405,6,0
300,516,7,0
300,406,8,0
300,407,9,0
300,408,10,0
300,545,11,0
300,409,12,0
300,410,13,0
300,411,14,0
300,412,15,0
300,413,16,0
300,414,17,0
300,415,18,0
300,416,19,0
300,417,20,0
300,418,21,0
300,419,22,0
300,420,23,0
300,421,24,0
300,422,25,0
300,423,26,0
300,424,27,0
300,425,28,0
300,426,29,0
300,427,30,0
300,200,31,0
300,428,32,0
300,429,33,0
300,430,34,0
300,431,35,0
300,432,36,0
300,433,37,0
300,434,38,0
300,435,39,0
300,436,40,0
300,437,41,0
300,438,42,0
300,439,43,0
300,440,44,0
300,441,45,0
300,442,46,0
300,443,47,0
300,444,48,0
300,445,49,0
300,446,50,0
300,447,51,1
301,447,1,0
301,448,2,0
301,449,3,0
301,450,4,0
301,451,5,0
301,452,6,0
301,573,7,0
301,453,8,0
301,454,9,0
301,100,10,0
301,479,11,0
301,480,12,0
301,481,13,0
301,482,14,0
301,483,15,0
301,560,16,0
301,419,17,0
301,420,18,0
301,422,19,0
301,484,20,0
301,485,21,0
301,486,22,0
301,415,23,0
301,487,24,0
301,488,25,0
301,489,26,0
301,409,27,0
301,410,28,0
301,411,29,0
301,490,30,0
301,491,31,0
301,492,32,0
301,493,33,0
301,540,34,0
301,497,35,0
301,498,36,0
301,499,37,0
301,300,38,1
400,300,1,0
400,401,2,0
400,402,3,0
400,403,4,0
400,404,5,0
400,405,6,0
400,516,7,0
400,406,8,0
400,407,9,0
400,408,10,0
400,545,11,0
400,409,12,0
400,410,13,0
400,411,14,0
400,412,15,0
400,413,16,0
400,414,17,0
400,415,18,0
400,416,19,0
400,417,20,0
400,418,21,0
400,419,22,0
400,420,23,0
400,421,24,0
400,422,25,0
400,423,26,0
400,424,27,0
400,425,28,0
400,426,29,0
400,427,30,0
400,200,31,0
400,428,32,0
400,429,33,0
400,430,34,0
400,455,35,0
400,456,36,0
400,457,37,0
400,459,38,0
400,460,39,0
400,461,40,0
400,462,41,0
400,463,42,0
400,464,43,0
400,465,44,0
400,466,45,0
400,467,46,0
400,468,47,0
400,469,48,0
400,470,49,0
400,471,50,0
400,472,51,0
400,473,52,0
400,474,53,0
400,475,54,0
400,476,55,0
400,477,56,0
400,478,57,1
401,478,1,0
401,453,2,0
401,454,3,0
401,100,4,0
401,479,5,0
401,480,6,0
401,481,7,0
401,482,8,0
401,483,9,0
401,560,10,0
401,419,11,0
401,420,12,0
401,422,13,0
401,484,14,0
401,485,15,0
401,486,16,0
401,415,17,0
401,487,18,0
401,488,19,0
401,489,20,0
401,409,21,0
401,410,22,0
401,411,23,0
401,490,24,0
401,491,25,0
401,492,26,0
401,493,27,0
401,540,28,0
401,497,29,0
401,498,30,0
401,499,31,0
401,300,32,1
500,401,1,0
500,540,2,0
500,200,3,0
500,542,4,0
500,429,5,0
500,430,6,0
500,455,7,0
500,456,8,0
500,457,9,0
500,459,10,0
500,460,11,0
500,541,12,1
501,541,1,0
501,447,2,0
501,448,3,0
501,449,4,0
501,450,5,0
501,451,6,0
501,452,7,0
501,573,8,0
501,453,9,0
501,542,10,0
501,100,11,0
501,540,12,0
501,494,13,0
501,495,14,0
501,402,15,0
501,401,16,1
600,401,1,0
600,540,2,0
600,200,3,0
600,542,4,0
600,429,5,0
600,430,6,0
600,477,7,0
600,548,8,0
600,549,9,1
601,549,1,0
601,473,2,0
601,474,3,0
601,475,4,0
601,476,5,0
601,478,6,0
601,453,7,0
601,542,8,0
601,100,9,0
601,200,10,0
601,540,11,0
601,494,12,0
601,495,13,0
601,402,14,0
601,401,15,1
701,479,1,0
701,480,2,0
701,481,3,0
701,482,4,0
701,483,5,0
701,543,6,0
701,544,7,0
701,419,8,0
701,420,9,0
701,421,10,0
701,422,11,0
701,484,12,0
701,485,13,0
701,493,14,0
701,540,15,0
701,497,16,0
701,498,17,0
701,499,18,1
800,497,1,0
800,498,2,0
800,499,3,0
800,300,4,0
800,401,5,0
800,402,6,0
800,403,7,0
800,404,8,0
800,405,9,0
800,516,10,0
800,406,11,0
800,407,12,0
800,408,13,0
800,545,14,0
800,417,15,0
800,418,16,0
800,546,17,0
800,423,18,0
800,424,19,0
800,425,20,0
800,426,21,0
800,427,22,0
800,200,23,0
800,428,24,0
800,429,25,0
800,430,26,0
800,431,27,0
800,432,28,0
800,433,29,0
800,434,30,0
800,435,31,0
800,436,32,0
800,437,33,0
800,438,34,0
800,439,35,0
800,440,36,0
800,441,37,0
800,442,38,0
800,443,39,0
800,444,40,0
800,445,41,0
800,446,42,0
800,447,43,1
901,460,1,0
901,461,2,0
901,462,3,0
901,463,4,0
901,464,5,0
901,465,6,0
901,466,7,0
901,467,8,0
901,468,9,0
901,469,10,0
901,470,11,0
901,471,12,0
901,472,13,0
901,473,14,0
901,474,15,0
901,475,16,0
901,476,17,0
901,477,18,0
901,478,19,0
901,453,20,0
901,454,21,0
901,100,22,0
901,540,23,0
901,497,24,0
901,498,25,1
1001,461,1,0
1001,462,2,0
1001,463,3,0
1001,464,4,0
1001,465,5,0
1001,466,6,0
1001,467,7,0
1001,468,8,0
1001,469,9,0
1001,500,10,0
1001,501,11,0
1001,502,12,0
1001,503,13,0
1001,504,14,0
1001,505,15,0
1001,506,16,0
1001,507,17,0
1001,508,18,0
1001,509,19,0
1001,510,20,0
1001,511,21,0
1001,512,22,0
1001,513,23,0
1001,514,24,0
1001,515,25,0
1001,454,26,0
1001,100,27,0
1001,493,28,0
1001,540,29,0
1001,497,30,0
1001,498,31,0
1001,499,32,0
1001,300,33,1
1101,547,1,0
1101,528,2,0
1101,530,3,0
1101,531,4,0
1101,532,5,0
1101,533,6,0
1101,534,7,0
1101,535,8,0
1101,536,9,0
1101,537,10,0
1101,538,11,0
1101,539,12,0
1101,540,13,0
1101,417,14,0
1101,418,15,0
1101,546,16,0
1101,423,17,0
1101,424,18,0
1101,425,19,0
1101,426,20,0
1101,427,21,0
1101,200,22,0
1101,428,23,0
1101,429,24,0
1101,430,25,0
1101,431,26,0
1101,432,27,0
1101,433,28,0
1101,434,29,0
1101,435,30,0
1101,436,31,0
1101,437,32,0
1101,438,33,0
1101,439,34,0
1101,440,35,0
1101,441,36,0
1101,442,37,0
1101,443,38,0
1101,444,39,0
1101,445,40,0
1101,446,41,0
1101,447,42,1
1200,498,1,0
1200,499,2,0
1200,300,3,0
1200,401,4,0
1200,402,5,0
1200,403,6,0
1200,404,7,0
1200,550,8,0
1200,551,9,0
1200,552,10,0
1200,553,11,0
1200,554,12,1
1201,554,1,0
1201,555,2,0
1201,556,3,0
1201,557,4,0
1201,558,5,0
1201,559,6,0
1201,540,7,0
1201,497,8,0
1201,498,9,0
1201,499,10,1
1401,452,1,0
1401,548,2,0
1401,549,3,0
1401,473,4,0
1401,474,5,0
1401,475,6,0
1401,476,7,0
1401,479,8,0
1401,480,9,0
1401,481,10,0
1401,482,11,0
1401,483,12,0
1401,560,13,0
1401,484,14,0
1401,485,15,0
1401,540,16,0
1401,300,17,1
1501,300,1,0
1501,401,2,0
1501,402,3,0
1501,403,4,0
1501,404,5,0
1501,516,6,0
1501,417,7,0
1501,418,8,0
1501,546,9,0
1501,423,10,0
1501,424,11,0
1501,425,12,0
1501,426,13,0
1501,427,14,0
1501,200,15,0
1501,428,16,0
1501,429,17,0
1501,430,18,0
1501,455,19,0
1501,456,20,0
1501,457,21,0
1501,459,22,0
1501,460,23,0
1501,541,24,1
1601,452,1,0
1601,572,2,0
1601,548,3,0
1601,561,4,0
1601,571,5,0
1601,570,6,0
1601,569,7,0
1601,568,8,0
1601,567,9,0
1601,566,10,0
1601,565,11,0
1601,564,12,0
1601,563,13,0
1601,562,14,0
1601,470,15,0
1601,471,16,0
1601,472,17,0
1601,473,18,0
1601,474,19,0
1601,475,20,0
1601,476,21,0
1601,540,22,0
1601,300,23,1
