301,'c_70888_b_none_d_31',823,,297,8,,,0,100,,302,8,,,0,100,,298,8,,,0,100,,303,8,,,0,100,,299,8,,,0,100,,304,8,,,0,100,,296,8,,,0,100,,300,8,,,0,100,,305,8,,,0,100,,301,8,,,0,100,,306,8,,,0
301,'c_71594_b_85648_d_31',823,,308,8,,,0,100,,313,8,,,0,100,,309,8,,,0,100,,314,8,,,0,100,,310,8,,,0,100,,315,8,,,0,100,,307,8,,,0,100,,311,8,,,0,100,,318,8,,,0,100,,312,8,,,0,100,,319,8,,,0,130,,316,8,0,5 1 12 13,0,200,,317,8,0,5 1 12 13,0
301,'c_71596_b_85651_d_32',823,,321,8,,,0,100,,324,8,,,0,100,,322,8,,,0,100,,325,8,,,0,100,,323,8,,,0,100,,326,8,,,0,100,,320,8,,,0,100,,327,8,,,0,100,,329,8,,,0,100,,328,8,,,0,100,,330,8,,,0,130,,331,8,,,0,200,,332,8,,,0
301,'c_71597_b_85652_d_64',923,,337,8,,,0,100,,333,8,,,0,100,,338,8,,,0,100,,334,8,,,0,100,,339,8,,,0,100,,335,8,,,0,100,,340,8,,,0,100,,336,8,,,0,100,,341,8,,,0
401,'c_70888_b_none_d_31',633,,443,8,,,0,90,,446,8,,,0,30,,444,8,,,0,100,,445,8,,,0,100,,452,8,,,0,100,,447,8,,,0,100,,453,8,,,0,100,,448,8,,,0,100,,454,8,,,0,100,,449,8,,,0,100,,455,8,,,0,100,,450,8,,,0,100,,456,8,,,0,100,,451,8,0,5 1 12 13,0
401,'c_71594_b_85648_d_31',633,,457,8,,,0,90,,460,8,,,0,30,,458,8,,,0,100,,459,8,,,0,100,,466,8,,,0,100,,461,8,,,0,100,,467,8,,,0,100,,462,8,,,0,100,,468,8,,,0,100,,463,8,,,0,100,,469,8,,,0,100,,464,8,,,0,100,,470,8,,,0,100,,465,8,0,5 1 12 13,0,200,,471,8,0,5 1 12 13,0,200,,472,8,0,5 1 12 13,0
401,'c_71596_b_85651_d_32',723,,473,8,0,5 1 12 13,0,130,,474,8,,,0,100,,479,8,,,0,100,,475,8,,,0,100,,480,8,,,0,100,,476,8,,,0,100,,481,8,,,0,100,,477,8,,,0,100,,482,8,,,0,100,,478,8,,,0,100,,483,8,,,0,100,,486,8,0,5 1 12 13,0,200,,484,8,0,5 1 12 13,0,200,,485,8,0,5 1 12 13,0
401,'c_71597_b_85652_d_64',953,,492,8,,,0,100,,487,8,,,0,100,,493,8,,,0,100,,488,8,,,0,100,,494,8,,,0,100,,489,8,,,0,100,,495,8,,,0,100,,490,8,,,0,100,,491,8,0,5 1 12 13,0
701,'c_71595_b_85650_d_31',654,,524,8,,,0
801,'c_71595_b_85650_d_31',721,,581,4,,,0,30,,569,4,,,0,70,,580,4,,,0,30,,568,4,,,0,70,,571,4,,,0,30,,577,4,,,0,70,,582,4,,,0,30,,572,4,,,0,70,,578,4,,,0,30,,583,4,,,0,70,,573,4,,,0,30,,579,4,,,0,70,,584,4,,,0,30,,574,4,,,0,70,,570,4,,,0,30,,587,4,,,0,70,,575,4,,,0,30,,585,4,,,0,70,,588,4,,,0,30,,576,4,,,0,70,,586,4,,,0,30,,589,4,,,0
