300,'c_70888_b_none_d_31',724,,202,17,,,0,105,,203,17,,,0,100,,206,17,,,0,100,,204,17,,,0,100,,207,17,,,0,100,,205,17,,,0,100,,208,17,,,0,100,,199,17,,,0,100,,197,17,,,0,100,,200,17,,,0,100,,198,17,,,0,130,,201,17,,,0
300,'c_71594_b_85648_d_31',724,,228,17,,,0,105,,229,17,,,0,100,,232,17,,,0,100,,230,17,,,0,100,,233,17,,,0,100,,231,17,,,0,100,,234,17,,,0,100,,223,17,,,0,100,,221,17,,,0,100,,224,17,,,0,100,,222,17,,,0,130,,225,17,,,0,200,,226,17,,,0,200,,227,17,,,0
300,'c_71596_b_85651_d_32',729,,271,17,,,0,100,,268,17,,,0,100,,272,17,,,0,100,,269,17,,,0,100,,273,17,,,0,100,,270,17,,,0,100,,274,17,,,0,100,,252,17,,,0,100,,275,17,,,0,100,,253,17,,,0,100,,276,17,,,0,130,,249,17,,,0,200,,250,17,,,0,200,,251,17,,,0
300,'c_71597_b_85652_d_64',929,,281,17,,,0,100,,277,17,,,0,100,,282,17,,,0,100,,278,17,,,0,100,,283,17,,,0,100,,279,17,,,0,100,,284,17,,,0,100,,280,17,,,0,100,,285,17,,,0
301,'c_70888_b_none_d_31',830,,297,15,,,0,100,,302,15,,,0,100,,298,15,,,0,100,,303,15,,,0,100,,299,15,,,0,100,,304,15,,,0,100,,296,15,,,0,100,,300,15,,,0,100,,305,15,,,0,100,,301,15,,,0,100,,306,15,,,0
301,'c_71594_b_85648_d_31',830,,308,15,,,0,100,,313,15,,,0,100,,309,15,,,0,100,,314,15,,,0,100,,310,15,,,0,100,,315,15,,,0,100,,307,15,,,0,100,,311,15,,,0,100,,318,15,,,0,100,,312,15,,,0,100,,319,15,,,0,170,,316,15,0,16 13,0,200,,317,15,0,16 13,0
301,'c_71596_b_85651_d_32',830,,321,15,,,0,100,,324,15,,,0,100,,322,15,,,0,100,,325,15,,,0,100,,323,15,,,0,100,,326,15,,,0,100,,320,15,,,0,100,,327,15,,,0,100,,329,15,,,0,100,,328,15,,,0,100,,330,15,,,0,170,,331,15,,,0,200,,332,15,,,0
301,'c_71597_b_85652_d_64',930,,337,15,,,0,100,,333,15,,,0,100,,338,15,,,0,100,,334,15,,,0,100,,339,15,,,0,100,,335,15,,,0,100,,340,15,,,0,100,,336,15,,,0,100,,341,15,,,0
400,'c_70888_b_none_d_31',656,,343,17,,,0,145,,356,17,,,0,100,,361,17,,,0,100,,362,17,,,0,100,,357,17,,,0,100,,363,17,,,0,100,,358,17,,,0,100,,364,17,,,0,100,,359,17,,,0,100,,365,17,,,0,100,,360,17,,,0,100,,366,17,,,0
400,'c_71594_b_85648_d_31',654,,396,17,,,0,147,,374,17,,,0,100,,372,17,,,0,58,,391,17,,,0,100,,387,17,,,0,100,,392,17,,,0,100,,388,17,,,0,100,,393,17,,,0,100,,389,17,,,0,100,,394,17,,,0,100,,390,17,,,0,100,,395,17,,,0,200,,370,17,,,0,200,,371,17,,,0
400,'c_71596_b_85651_d_32',859,,419,17,,,0,100,,414,17,,,0,100,,420,17,,,0,100,,415,17,,,0,100,,421,17,,,0,100,,416,17,,,0,100,,422,17,,,0,100,,417,17,,,0,100,,423,17,,,0,100,,418,17,,,0,200,,398,17,,,0,200,,399,17,,,0
400,'c_71597_b_85652_d_64',959,,428,17,,,0,100,,424,17,,,0,100,,429,17,,,0,100,,425,17,,,0,100,,430,17,,,0,100,,426,17,,,0,100,,431,17,,,0,100,,427,17,,,0,100,,432,17,,,0
401,'c_70888_b_none_d_31',640,,443,15,,,0,90,,446,15,,,0,70,,444,15,,,0,100,,445,15,,,0,100,,452,15,,,0,100,,447,15,,,0,100,,453,15,,,0,100,,448,15,,,0,100,,454,15,,,0,100,,449,15,,,0,100,,455,15,,,0,100,,450,15,,,0,100,,456,15,,,0,100,,451,15,0,16 13,0
401,'c_71594_b_85648_d_31',640,,457,15,,,0,90,,460,15,,,0,70,,458,15,,,0,100,,459,15,,,0,100,,466,15,,,0,100,,461,15,,,0,100,,467,15,,,0,100,,462,15,,,0,100,,468,15,,,0,100,,463,15,,,0,100,,469,15,,,0,100,,464,15,,,0,100,,470,15,,,0,100,,465,15,0,16 13,0,200,,471,15,0,16 13,0,200,,472,15,0,16 13,0
401,'c_71596_b_85651_d_32',730,,473,15,0,16 13,0,170,,474,15,,,0,100,,479,15,,,0,100,,475,15,,,0,100,,480,15,,,0,100,,476,15,,,0,100,,481,15,,,0,100,,477,15,,,0,100,,482,15,,,0,100,,478,15,,,0,100,,483,15,,,0,100,,486,15,0,16 13,0,200,,484,15,0,16 13,0,200,,485,15,0,16 13,0
401,'c_71597_b_85652_d_64',1000,,492,15,,,0,100,,487,15,,,0,100,,493,15,,,0,100,,488,15,,,0,100,,494,15,,,0,100,,489,15,,,0,100,,495,15,,,0,100,,490,15,,,0,100,,491,15,0,16 13,0
