300,'c_70888_b_none_d_31',803,,220,18,0,5,0,100,,209,18,0,5,0,100,,212,18,0,5,0,100,,210,18,0,5,0,100,,213,18,0,5,0,100,,211,18,0,5,0,100,,214,18,0,5,0,100,,217,18,0,5,0,100,,215,18,0,5,0,100,,218,18,0,5,0,100,,216,18,0,5,0,130,,219,18,0,5,0
300,'c_71594_b_85648_d_31',803,,245,18,0,5,0,100,,235,18,0,5,0,100,,246,18,0,5,0,100,,236,18,0,5,0,100,,247,18,0,5,0,100,,237,18,0,5,0,100,,248,18,0,5,0,100,,240,18,0,5,0,100,,238,18,0,5,0,100,,241,18,0,5,0,100,,239,18,0,5,0,130,,242,18,0,5,0,200,,243,18,0,5,0,200,,244,18,0,5,0
300,'c_71596_b_85651_d_32',803,,254,18,0,5,0,100,,258,18,0,5,0,100,,255,18,0,5,0,100,,259,18,0,5,0,100,,256,18,0,5,0,100,,260,18,0,5,0,100,,257,18,0,5,0,100,,261,18,0,5,0,100,,263,18,0,5,0,100,,262,18,0,5,0,100,,264,18,0,5,0,130,,265,18,0,5,0,200,,266,18,0,5,0,200,,267,18,0,5,0
300,'c_71597_b_85652_d_64',903,,286,18,0,5,0,100,,291,18,0,5,0,100,,287,18,0,5,0,100,,292,18,0,5,0,100,,288,18,0,5,0,100,,293,18,0,5,0,100,,289,18,0,5,0,100,,294,18,0,5,0,100,,290,18,0,5,0,100,,295,18,0,5,0
21290000,'c_70811_b_85661_d_14',808,,598,4,,,0,30,,599,4,,,0
21290000,'c_70811_b_85661_d_31',908,,600,4,,,0,30,,610,4,,,0,70,,611,4,,,0,30,,612,4,,,0,70,,613,4,,,0,30,,614,4,,,0,70,,615,4,,,0,30,,616,4,,,0,70,,617,4,,,0,30,,601,4,,,0,70,,602,4,,,0,30,,603,4,,,0,70,,604,4,,,0,30,,605,4,,,0,70,,606,4,,,0,30,,607,4,,,0,70,,608,4,,,0,30,,609,4,,,0
21290000,'c_70811_b_85661_d_4',1808,,618,4,,,0,30,,619,4,,,0,70,,620,4,,,0,30,,621,4,,,0,70,,622,4,,,0,30,,623,4,,,0
21290000,'c_70811_b_85661_d_8',738,,628,4,,,0,1070,,624,4,,,0,30,,625,4,,,0,70,,626,4,,,0,30,,627,4,,,0
21290000,'c_70811_b_85662_d_14',808,,629,4,,,0,30,,630,4,,,0
21290000,'c_70811_b_85662_d_31',908,,631,4,,,0,30,,641,4,,,0,70,,642,4,,,0,30,,643,4,,,0,70,,644,4,,,0,30,,645,4,,,0,70,,646,4,,,0,30,,647,4,,,0,70,,648,4,,,0,30,,632,4,,,0,70,,633,4,,,0,30,,634,4,,,0,70,,635,4,,,0,30,,636,4,,,0,70,,637,4,,,0,30,,638,4,,,0,70,,639,4,,,0,30,,640,4,,,0
21290000,'c_70811_b_85662_d_4',1808,,649,4,,,0,30,,650,4,,,0,70,,651,4,,,0,30,,652,4,,,0,70,,653,4,,,0,30,,654,4,,,0
21290000,'c_70811_b_85662_d_8',738,,659,4,,,0,1070,,655,4,,,0,30,,656,4,,,0,70,,657,4,,,0,30,,658,4,,,0
21290000,'c_70811_b_85663_d_14',808,,660,4,,,0,30,,661,4,,,0
21290000,'c_70811_b_85663_d_31',908,,662,4,,,0,30,,672,4,,,0,70,,673,4,,,0,30,,674,4,,,0,70,,675,4,,,0,30,,676,4,,,0,70,,677,4,,,0,30,,678,4,,,0,70,,679,4,,,0,30,,663,4,,,0,70,,664,4,,,0,30,,665,4,,,0,70,,666,4,,,0,30,,667,4,,,0,70,,668,4,,,0,30,,669,4,,,0,70,,670,4,,,0,30,,671,4,,,0
21290000,'c_70811_b_85663_d_4',1808,,680,4,,,0,30,,681,4,,,0,70,,682,4,,,0,30,,683,4,,,0,70,,684,4,,,0,30,,685,4,,,0
21290000,'c_70811_b_85663_d_8',738,,690,4,,,0,1070,,686,4,,,0,30,,687,4,,,0,70,,688,4,,,0,30,,689,4,,,0
