'c_70811_b_85661_d_14',20251202,0,20251203,0,20251204,0,20251209,0,20251210,0,20251211,0
'c_70811_b_85661_d_31',20251201,0,20251202,0,20251203,0,20251204,0,20251205,0,20251208,0,20251209,0,20251210,0,20251211,0,20251212,0
'c_70811_b_85661_d_4',20251203,0,20251210,0
'c_70811_b_85661_d_8',20251204,0,20251211,0
'c_70811_b_85662_d_14',20260317,0,20260318,0,20260319,0,20260324,0,20260325,0,20260326,0,20260331,0,20260401,0,20260402,0,20260407,0,20260408,0,20260409,0,20260414,0,20260415,0,20260416,0,20260421,0,20260422,0,20260423,0,20260428,0,20260429,0,20260430,0
'c_70811_b_85662_d_31',20260316,0,20260317,0,20260318,0,20260319,0,20260320,0,20260323,0,20260324,0,20260325,0,20260326,0,20260327,0,20260330,0,20260331,0,20260401,0,20260402,0,20260403,0,20260406,0,20260407,0,20260408,0,20260409,0,20260410,0,20260413,0,20260414,0,20260415,0,20260416,0,20260417,0,20260420,0,20260421,0,20260422,0,20260423,0,20260424,0,20260427,0,20260428,0,20260429,0,20260430,0,20260501,0
'c_70811_b_85662_d_4',20260318,0,20260325,0,20260401,0,20260408,0,20260415,0,20260422,0,20260429,0
'c_70811_b_85662_d_8',20260319,0,20260326,0,20260402,0,20260409,0,20260416,0,20260423,0,20260430,0
'c_70811_b_85663_d_14',20260113,0,20260114,0,20260115,0,20260120,0,20260121,0,20260122,0,20260127,0,20260128,0,20260129,0,20260203,0,20260204,0,20260205,0,20260210,0,20260211,0,20260212,0,20260217,0,20260218,0,20260219,0,20260224,0,20260225,0,20260226,0,20260303,0,20260304,0,20260305,0
'c_70811_b_85663_d_31',20260112,0,20260113,0,20260114,0,20260115,0,20260116,0,20260119,0,20260120,0,20260121,0,20260122,0,20260123,0,20260126,0,20260127,0,20260128,0,20260129,0,20260130,0,20260202,0,20260203,0,20260204,0,20260205,0,20260206,0,20260209,0,20260210,0,20260211,0,20260212,0,20260213,0,20260216,0,20260217,0,20260218,0,20260219,0,20260220,0,20260223,0,20260224,0,20260225,0,20260226,0,20260227,0,20260302,0,20260303,0,20260304,0,20260305,0,20260306,0
'c_70811_b_85663_d_4',20260114,0,20260121,0,20260128,0,20260204,0,20260211,0,20260218,0,20260225,0,20260304,0
'c_70811_b_85663_d_8',20260115,0,20260122,0,20260129,0,20260205,0,20260212,0,20260219,0,20260226,0,20260305,0
'c_70888_b_none_d_31',20251224,1
'c_71027_b_85660_d_31',20251006,0,20251007,0,20251008,0,20251009,0,20251010,0,20251013,0,20251014,0,20251015,0,20251016,0,20251017,0,20251020,0,20251021,0,20251022,0,20251023,0,20251024,0,20251027,0,20251028,0,20251029,0,20251030,0,20251031,0,20251103,0,20251104,0,20251105,0,20251106,0,20251107,0,20251110,0,20251111,0,20251112,0,20251113,0,20251114,0,20251117,0,20251118,0,20251119,0,20251120,0,20251121,0,20251124,0,20251125,0,20251126,0,20251127,0,20251128,0,20251201,0,20251202,0,20251203,0,20251204,0,20251205,0,20251208,0,20251209,0,20251210,0,20251211,0,20251212,0,20251215,0,20251216,0,20251217,0,20251218,0,20251219,0,20251222,0,20251223,0,20251224,0,20251225,0,20251225,2,20251226,0,20251229,0,20251230,0,20251231,0,20260101,0,20260101,2,20260102,0,20260105,0,20260106,0,20260107,0,20260108,0,20260109,0,20260112,0,20260113,0,20260114,0,20260115,0,20260116,0,20260119,0,20260120,0,20260121,0,20260122,0,20260123,0,20260126,0,20260127,0,20260128,0,20260129,0,20260130,0,20260202,0,20260203,0,20260204,0,20260205,0,20260206,0,20260209,0,20260210,0,20260211,0,20260212,0,20260213,0,20260216,0,20260217,0,20260218,0,20260219,0,20260220,0,20260223,0,20260224,0,20260225,0,20260226,0,20260227,0,20260302,0,20260303,0,20260304,0,20260305,0,20260306,0,20260309,0,20260310,0,20260311,0,20260312,0,20260313,0,20260316,0,20260317,0,20260318,0,20260319,0,20260320,0,20260323,0,20260324,0,20260325,0,20260326,0,20260327,0,20260330,0,20260331,0,20260401,0,20260402,0,20260403,0,20260406,0,20260407,0,20260408,0,20260409,0,20260410,0,20260413,0,20260414,0,20260415,0,20260416,0,20260417,0,20260420,0,20260421,0,20260422,0,20260423,0,20260424,0
'c_71594_b_85648_d_31',20251006,0,20251007,0,20251008,0,20251009,0,20251010,0,20251013,0,20251014,0,20251015,0,20251016,0,20251017,0,20251020,0,20251021,0,20251022,0,20251023,0,20251024,0,20251027,0,20251028,0,20251029,0,20251030,0,20251031,0,20251103,0,20251104,0,20251105,0,20251106,0,20251107,0,20251110,0,20251111,0,20251112,0,20251113,0,20251114,0,20251117,0,20251118,0,20251119,0,20251120,0,20251121,0,20251124,0,20251125,0,20251126,0,20251127,0,20251128,0,20251201,0,20251202,0,20251203,0,20251204,0,20251205,0,20251208,0,20251209,0,20251210,0,20251211,0,20251212,0,20251215,0,20251216,0,20251217,0,20251218,0,20251219,0,20251222,0,20251223,0,20251224,0,20251224,2,20251225,0,20251225,2,20251226,0,20251229,0,20251230,0,20251231,0,20260101,0,20260101,2,20260102,0,20260105,0,20260106,0,20260107,0,20260108,0,20260109,0,20260112,0,20260113,0,20260114,0,20260115,0,20260116,0,20260119,0,20260120,0,20260121,0,20260122,0,20260123,0,20260126,0,20260127,0,20260128,0,20260129,0,20260130,0,20260202,0,20260203,0,20260204,0,20260205,0,20260206,0,20260209,0,20260210,0,20260211,0,20260212,0,20260213,0,20260216,0,20260217,0,20260218,0,20260219,0,20260220,0,20260223,0,20260224,0,20260225,0,20260226,0,20260227,0,20260302,0,20260303,0,20260304,0,20260305,0,20260306,0,20260309,0,20260310,0,20260311,0,20260312,0,20260313,0,20260316,0,20260317,0,20260318,0,20260319,0,20260320,0,20260323,0,20260324,0,20260325,0,20260326,0,20260327,0,20260330,0,20260331,0,20260401,0,20260402,0,20260403,0,20260406,0,20260407,0,20260408,0,20260409,0,20260410,0,20260413,0,20260414,0,20260415,0,20260416,0,20260417,0,20260420,0,20260421,0,20260422,0,20260423,0,20260424,0
'c_71595_b_85650_d_31',20251006,0,20251007,0,20251008,0,20251009,0,20251010,0,20251013,0,20251014,0,20251015,0,20251016,0,20251017,0,20251020,0,20251021,0,20251022,0,20251023,0,20251024,0,20251027,0,20251028,0,20251029,0,20251030,0,20251031,0,20251103,0,20251104,0,20251105,0,20251106,0,20251107,0,20251110,0,20251111,0,20251112,0,20251113,0,20251114,0,20251117,0,20251118,0,20251119,0,20251120,0,20251121,0,20251124,0,20251125,0,20251126,0,20251127,0,20251128,0,20251201,0,20251202,0,20251203,0,20251204,0,20251205,0,20251208,0,20251209,0,20251210,0,20251211,0,20251212,0,20251215,0,20251216,0,20251217,0,20251218,0,20251219,0,20251222,0,20251223,0,20251224,0,20251225,0,20251225,2,20251226,0,20251229,0,20251230,0,20251231,0,20260101,0,20260101,2,20260102,0,20260105,0,20260106,0,20260107,0,20260108,0,20260109,0,20260112,0,20260113,0,20260114,0,20260115,0,20260116,0,20260119,0,20260120,0,20260121,0,20260122,0,20260123,0,20260126,0,20260127,0,20260128,0,20260129,0,20260130,0,20260202,0,20260203,0,20260204,0,20260205,0,20260206,0,20260209,0,20260210,0,20260211,0,20260212,0,20260213,0,20260216,0,20260217,0,20260218,0,20260219,0,20260220,0,20260223,0,20260224,0,20260225,0,20260226,0,20260227,0,20260302,0,20260303,0,20260304,0,20260305,0,20260306,0,20260309,0,20260310,0,20260311,0,20260312,0,20260313,0,20260316,0,20260317,0,20260318,0,20260319,0,20260320,0,20260323,0,20260324,0,20260325,0,20260326,0,20260327,0,20260330,0,20260331,0,20260401,0,20260402,0,20260403,0,20260406,0,20260407,0,20260408,0,20260409,0,20260410,0,20260413,0,20260414,0,20260415,0,20260416,0,20260417,0,20260420,0,20260421,0,20260422,0,20260423,0,20260424,0
'c_71596_b_85651_d_32',20251011,0,20251018,0,20251025,0,20251101,0,20251108,0,20251115,0,20251122,0,20251129,0,20251206,0,20251213,0,20251220,0,20251227,0,20260103,0,20260110,0,20260117,0,20260124,0,20260131,0,20260207,0,20260214,0,20260221,0,20260228,0,20260307,0,20260314,0,20260321,0,20260328,0,20260404,0,20260411,0,20260418,0,20260425,0
'c_71597_b_85652_d_64',20251012,0,20251019,0,20251026,0,20251102,0,20251109,0,20251116,0,20251123,0,20251130,0,20251207,0,20251214,0,20251221,0,20251228,0,20260104,0,20260111,0,20260118,0,20260125,0,20260201,0,20260208,0,20260215,0,20260222,0,20260301,0,20260308,0,20260315,0,20260322,0,20260329,0,20260405,0,20260412,0,20260419,0,20260426,0
