300,'c_70888_b_none_d_31',720,,202,11,,,0,105,,203,11,,,0,100,,206,11,,,0,100,,204,11,,,0,100,,207,11,,,0,100,,205,11,,,0,100,,208,11,,,0,100,,199,11,,,0,100,,197,11,,,0,100,,200,11,,,0,100,,198,11,,,0,130,,201,11,,,0
300,'c_71594_b_85648_d_31',720,,228,11,,,0,105,,229,11,,,0,100,,232,11,,,0,100,,230,11,,,0,100,,233,11,,,0,100,,231,11,,,0,100,,234,11,,,0,100,,223,11,,,0,100,,221,11,,,0,100,,224,11,,,0,100,,222,11,,,0,130,,225,11,,,0,200,,226,11,,,0,200,,227,11,,,0
300,'c_71596_b_85651_d_32',725,,271,11,,,0,100,,268,11,,,0,100,,272,11,,,0,100,,269,11,,,0,100,,273,11,,,0,100,,270,11,,,0,100,,274,11,,,0,100,,252,11,,,0,100,,275,11,,,0,100,,253,11,,,0,100,,276,11,,,0,130,,249,11,,,0,200,,250,11,,,0,200,,251,11,,,0
300,'c_71597_b_85652_d_64',925,,281,11,,,0,100,,277,11,,,0,100,,282,11,,,0,100,,278,11,,,0,100,,283,11,,,0,100,,279,11,,,0,100,,284,11,,,0,100,,280,11,,,0,100,,285,11,,,0
301,'c_70888_b_none_d_31',835,,297,19,,,0,100,,302,19,,,0,100,,298,19,,,0,100,,303,19,,,0,100,,299,19,,,0,100,,304,19,,,0,100,,296,19,,,0,100,,300,19,,,0,100,,305,19,,,0,100,,301,19,,,0,100,,306,19,,,0
301,'c_71594_b_85648_d_31',835,,308,19,,,0,100,,313,19,,,0,100,,309,19,,,0,100,,314,19,,,0,100,,310,19,,,0,100,,315,19,,,0,100,,307,19,,,0,100,,311,19,,,0,100,,318,19,,,0,100,,312,19,,,0,100,,319,19,,,0,170,,316,19,0,16 13,0,200,,317,19,0,16 13,0
301,'c_71596_b_85651_d_32',835,,321,19,,,0,100,,324,19,,,0,100,,322,19,,,0,100,,325,19,,,0,100,,323,19,,,0,100,,326,19,,,0,100,,320,19,,,0,100,,327,19,,,0,100,,329,19,,,0,100,,328,19,,,0,100,,330,19,,,0,170,,331,19,,,0,200,,332,19,,,0
301,'c_71597_b_85652_d_64',935,,337,19,,,0,100,,333,19,,,0,100,,338,19,,,0,100,,334,19,,,0,100,,339,19,,,0,100,,335,19,,,0,100,,340,19,,,0,100,,336,19,,,0,100,,341,19,,,0
400,'c_70888_b_none_d_31',652,,343,11,,,0,105,,356,11,,,0,100,,361,11,,,0,100,,362,11,,,0,100,,357,11,,,0,100,,363,11,,,0,100,,358,11,,,0,100,,364,11,,,0,100,,359,11,,,0,100,,365,11,,,0,100,,360,11,,,0,100,,366,11,,,0
400,'c_71594_b_85648_d_31',650,,396,11,,,0,107,,374,11,,,0,100,,372,11,,,0,98,,391,11,,,0,100,,387,11,,,0,100,,392,11,,,0,100,,388,11,,,0,100,,393,11,,,0,100,,389,11,,,0,100,,394,11,,,0,100,,390,11,,,0,100,,395,11,,,0,200,,370,11,,,0,200,,371,11,,,0
400,'c_71596_b_85651_d_32',855,,419,11,,,0,100,,414,11,,,0,100,,420,11,,,0,100,,415,11,,,0,100,,421,11,,,0,100,,416,11,,,0,100,,422,11,,,0,100,,417,11,,,0,100,,423,11,,,0,100,,418,11,,,0,200,,398,11,,,0,200,,399,11,,,0
400,'c_71597_b_85652_d_64',955,,428,11,,,0,100,,424,11,,,0,100,,429,11,,,0,100,,425,11,,,0,100,,430,11,,,0,100,,426,11,,,0,100,,431,11,,,0,100,,427,11,,,0,100,,432,11,,,0
401,'c_70888_b_none_d_31',645,,443,19,,,0,90,,446,19,,,0,70,,444,19,,,0,100,,445,19,,,0,100,,452,19,,,0,100,,447,19,,,0,100,,453,19,,,0,100,,448,19,,,0,100,,454,19,,,0,100,,449,19,,,0,100,,455,19,,,0,100,,450,19,,,0,100,,456,19,,,0,100,,451,19,0,16 13,0
401,'c_71594_b_85648_d_31',645,,457,19,,,0,90,,460,19,,,0,70,,458,19,,,0,100,,459,19,,,0,100,,466,19,,,0,100,,461,19,,,0,100,,467,19,,,0,100,,462,19,,,0,100,,468,19,,,0,100,,463,19,,,0,100,,469,19,,,0,100,,464,19,,,0,100,,470,19,,,0,100,,465,19,0,16 13,0,200,,471,19,0,16 13,0,200,,472,19,0,16 13,0
401,'c_71596_b_85651_d_32',735,,473,19,0,16 13,0,170,,474,19,,,0,100,,479,19,,,0,100,,475,19,,,0,100,,480,19,,,0,100,,476,19,,,0,100,,481,19,,,0,100,,477,19,,,0,100,,482,19,,,0,100,,478,19,,,0,100,,483,19,,,0,100,,486,19,0,16 13,0,200,,484,19,0,16 13,0,200,,485,19,0,16 13,0
401,'c_71597_b_85652_d_64',1005,,492,19,,,0,100,,487,19,,,0,100,,493,19,,,0,100,,488,19,,,0,100,,494,19,,,0,100,,489,19,,,0,100,,495,19,,,0,100,,490,19,,,0,100,,491,19,0,16 13,0
