300,'c_70888_b_none_d_31',726,,202,21,,,0,105,,203,21,,,0,100,,206,21,,,0,100,,204,21,,,0,100,,207,21,,,0,100,,205,21,,,0,100,,208,21,,,0,100,,199,21,,,0,100,,197,21,,,0,100,,200,21,,,0,100,,198,21,,,0,170,,201,21,,,0
300,'c_71594_b_85648_d_31',726,,228,21,,,0,105,,229,21,,,0,100,,232,21,,,0,100,,230,21,,,0,100,,233,21,,,0,100,,231,21,,,0,100,,234,21,,,0,100,,223,21,,,0,100,,221,21,,,0,100,,224,21,,,0,100,,222,21,,,0,170,,225,21,,,0,200,,226,21,,,0,200,,227,21,,,0
300,'c_71596_b_85651_d_32',731,,271,21,,,0,100,,268,21,,,0,100,,272,21,,,0,100,,269,21,,,0,100,,273,21,,,0,100,,270,21,,,0,100,,274,21,,,0,100,,252,21,,,0,100,,275,21,,,0,100,,253,21,,,0,100,,276,21,,,0,170,,249,21,,,0,200,,250,21,,,0,200,,251,21,,,0
300,'c_71597_b_85652_d_64',931,,281,21,,,0,100,,277,21,,,0,100,,282,21,,,0,100,,278,21,,,0,100,,283,21,,,0,100,,279,21,,,0,100,,284,21,,,0,100,,280,21,,,0,100,,285,21,,,0
400,'c_70888_b_none_d_31',658,,343,21,,,0,145,,356,21,,,0,100,,361,21,,,0,100,,362,21,,,0,100,,357,21,,,0,100,,363,21,,,0,100,,358,21,,,0,100,,364,21,,,0,100,,359,21,,,0,100,,365,21,,,0,100,,360,21,,,0,100,,366,21,,,0
400,'c_71594_b_85648_d_31',656,,396,21,,,0,147,,374,21,,,0,100,,372,21,,,0,98,,391,21,,,0,100,,387,21,,,0,100,,392,21,,,0,100,,388,21,,,0,100,,393,21,,,0,100,,389,21,,,0,100,,394,21,,,0,100,,390,21,,,0,100,,395,21,,,0,200,,370,21,,,0,200,,371,21,,,0
400,'c_71596_b_85651_d_32',901,,419,21,,,0,100,,414,21,,,0,100,,420,21,,,0,100,,415,21,,,0,100,,421,21,,,0,100,,416,21,,,0,100,,422,21,,,0,100,,417,21,,,0,100,,423,21,,,0,100,,418,21,,,0,200,,398,21,,,0,200,,399,21,,,0
400,'c_71597_b_85652_d_64',1001,,428,21,,,0,100,,424,21,,,0,100,,429,21,,,0,100,,425,21,,,0,100,,430,21,,,0,100,,426,21,,,0,100,,431,21,,,0,100,,427,21,,,0,100,,432,21,,,0
700,'c_71595_b_85650_d_31',1317,,523,12,,,0,400,,522,12,,,0
800,'c_71595_b_85650_d_31',712,,546,9,,,0,30,,539,9,,,0,70,,540,9,,,0,30,,547,9,,,0,70,,557,9,,,0,30,,548,9,,,0,70,,544,9,,,0,30,,541,9,,,0,70,,549,9,,,0,30,,545,9,,,0,70,,542,9,,,0,30,,550,9,,,0,100,,543,9,,,0,70,,551,9,,,0,30,,566,9,,,0,70,,561,9,,,0,30,,554,9,,,0,70,,552,9,,,0,30,,562,9,,,0,100,,553,9,,,0
