400,'c_70888_b_none_d_31',609,,355,6,0,5,0,45,,342,6,0,5,0,70,,367,6,0,5,0,100,,344,6,0,5,0,100,,350,6,0,5,0,100,,345,6,0,5,0,100,,351,6,0,5,0,100,,346,6,0,5,0,100,,352,6,0,5,0,100,,347,6,0,5,0,100,,353,6,0,5,0,100,,348,6,0,5,0,100,,354,6,0,5,0,100,,349,6,0,5,0
400,'c_71594_b_85648_d_31',609,,373,7,0,5,0,45,,386,7,0,5,0,70,,397,7,0,5,0,100,,375,7,0,5,0,100,,381,7,0,5,0,100,,376,7,0,5,0,100,,382,7,0,5,0,100,,377,7,0,5,0,100,,383,7,0,5,0,100,,378,7,0,5,0,100,,384,7,0,5,0,100,,379,7,0,5,0,100,,385,7,0,5,0,100,,380,7,0,5,0,200,,368,7,0,5,0,200,,369,7,0,5,0
400,'c_71596_b_85651_d_32',654,,400,6,0,5,0,170,,401,6,0,5,0,100,,407,6,0,5,0,100,,402,6,0,5,0,100,,408,6,0,5,0,100,,403,6,0,5,0,100,,409,6,0,5,0,100,,404,6,0,5,0,100,,410,6,0,5,0,100,,405,6,0,5,0,100,,411,6,0,5,0,100,,406,6,0,5,0,200,,412,6,0,5,0,200,,413,6,0,5,0
400,'c_71597_b_85652_d_64',924,,438,6,0,5,0,100,,433,6,0,5,0,100,,439,6,0,5,0,100,,434,6,0,5,0,100,,440,6,0,5,0,100,,435,6,0,5,0,100,,441,6,0,5,0,100,,436,6,0,5,0,100,,442,6,0,5,0,100,,437,6,0,5,0
21290000,'c_70811_b_85661_d_14',815,,598,6,,,0,30,,599,6,,,0
21290000,'c_70811_b_85661_d_31',915,,600,6,,,0,30,,610,6,,,0,70,,611,6,,,0,30,,612,6,,,0,70,,613,6,,,0,30,,614,6,,,0,70,,615,6,,,0,30,,616,6,,,0,70,,617,6,,,0,30,,601,6,,,0,70,,602,6,,,0,30,,603,6,,,0,70,,604,6,,,0,30,,605,6,,,0,70,,606,6,,,0,30,,607,6,,,0,70,,608,6,,,0,30,,609,6,,,0
21290000,'c_70811_b_85661_d_4',1815,,618,6,,,0,30,,619,6,,,0,70,,620,6,,,0,30,,621,6,,,0,70,,622,6,,,0,30,,623,6,,,0
21290000,'c_70811_b_85661_d_8',745,,628,6,,,0,1070,,624,6,,,0,30,,625,6,,,0,70,,626,6,,,0,30,,627,6,,,0
21290000,'c_70811_b_85662_d_14',815,,629,6,,,0,30,,630,6,,,0
21290000,'c_70811_b_85662_d_31',915,,631,6,,,0,30,,641,6,,,0,70,,642,6,,,0,30,,643,6,,,0,70,,644,6,,,0,30,,645,6,,,0,70,,646,6,,,0,30,,647,6,,,0,70,,648,6,,,0,30,,632,6,,,0,70,,633,6,,,0,30,,634,6,,,0,70,,635,6,,,0,30,,636,6,,,0,70,,637,6,,,0,30,,638,6,,,0,70,,639,6,,,0,30,,640,6,,,0
21290000,'c_70811_b_85662_d_4',1815,,649,6,,,0,30,,650,6,,,0,70,,651,6,,,0,30,,652,6,,,0,70,,653,6,,,0,30,,654,6,,,0
21290000,'c_70811_b_85662_d_8',745,,659,6,,,0,1070,,655,6,,,0,30,,656,6,,,0,70,,657,6,,,0,30,,658,6,,,0
21290000,'c_70811_b_85663_d_14',815,,660,6,,,0,30,,661,6,,,0
21290000,'c_70811_b_85663_d_31',915,,662,6,,,0,30,,672,6,,,0,70,,673,6,,,0,30,,674,6,,,0,70,,675,6,,,0,30,,676,6,,,0,70,,677,6,,,0,30,,678,6,,,0,70,,679,6,,,0,30,,663,6,,,0,70,,664,6,,,0,30,,665,6,,,0,70,,666,6,,,0,30,,667,6,,,0,70,,668,6,,,0,30,,669,6,,,0,70,,670,6,,,0,30,,671,6,,,0
21290000,'c_70811_b_85663_d_4',1815,,680,6,,,0,30,,681,6,,,0,70,,682,6,,,0,30,,683,6,,,0,70,,684,6,,,0,30,,685,6,,,0
21290000,'c_70811_b_85663_d_8',745,,690,6,,,0,1070,,686,6,,,0,30,,687,6,,,0,70,,688,6,,,0,30,,689,6,,,0
