21290000,'c_70811_b_85661_d_14',805,,598,2,,,0,15,,598,7,,,0,15,,599,2,,,0,15,,599,7,,,0
21290000,'c_70811_b_85661_d_31',905,,600,2,,,0,15,,600,7,,,0,15,,610,2,,,0,15,,610,7,,,0,55,,611,2,,,0,15,,611,7,,,0,15,,612,2,,,0,15,,612,7,,,0,55,,613,2,,,0,15,,613,7,,,0,15,,614,2,,,0,15,,614,7,,,0,55,,615,2,,,0,15,,615,7,,,0,15,,616,2,,,0,15,,616,7,,,0,55,,617,2,,,0,15,,617,7,,,0,15,,601,2,,,0,15,,601,7,,,0,55,,602,2,,,0,15,,602,7,,,0,15,,603,2,,,0,15,,603,7,,,0,55,,604,2,,,0,15,,604,7,,,0,15,,605,2,,,0,15,,605,7,,,0,55,,606,2,,,0,15,,606,7,,,0,15,,607,2,,,0,15,,607,7,,,0,55,,608,2,,,0,15,,608,7,,,0,15,,609,2,,,0,15,,609,7,,,0
21290000,'c_70811_b_85661_d_4',1805,,618,2,,,0,15,,618,7,,,0,15,,619,2,,,0,15,,619,7,,,0,55,,620,2,,,0,15,,620,7,,,0,15,,621,2,,,0,15,,621,7,,,0,55,,622,2,,,0,15,,622,7,,,0,15,,623,2,,,0,15,,623,7,,,0
21290000,'c_70811_b_85661_d_8',735,,628,2,,,0,15,,628,7,,,0,1055,,624,2,,,0,15,,624,7,,,0,15,,625,2,,,0,15,,625,7,,,0,55,,626,2,,,0,15,,626,7,,,0,15,,627,2,,,0,15,,627,7,,,0
21290000,'c_70811_b_85662_d_14',805,,629,2,,,0,15,,629,7,,,0,15,,630,2,,,0,15,,630,7,,,0
21290000,'c_70811_b_85662_d_31',905,,631,2,,,0,15,,631,7,,,0,15,,641,2,,,0,15,,641,7,,,0,55,,642,2,,,0,15,,642,7,,,0,15,,643,2,,,0,15,,643,7,,,0,55,,644,2,,,0,15,,644,7,,,0,15,,645,2,,,0,15,,645,7,,,0,55,,646,2,,,0,15,,646,7,,,0,15,,647,2,,,0,15,,647,7,,,0,55,,648,2,,,0,15,,648,7,,,0,15,,632,2,,,0,15,,632,7,,,0,55,,633,2,,,0,15,,633,7,,,0,15,,634,2,,,0,15,,634,7,,,0,55,,635,2,,,0,15,,635,7,,,0,15,,636,2,,,0,15,,636,7,,,0,55,,637,2,,,0,15,,637,7,,,0,15,,638,2,,,0,15,,638,7,,,0,55,,639,2,,,0,15,,639,7,,,0,15,,640,2,,,0,15,,640,7,,,0
21290000,'c_70811_b_85662_d_4',1805,,649,2,,,0,15,,649,7,,,0,15,,650,2,,,0,15,,650,7,,,0,55,,651,2,,,0,15,,651,7,,,0,15,,652,2,,,0,15,,652,7,,,0,55,,653,2,,,0,15,,653,7,,,0,15,,654,2,,,0,15,,654,7,,,0
21290000,'c_70811_b_85662_d_8',735,,659,2,,,0,15,,659,7,,,0,1055,,655,2,,,0,15,,655,7,,,0,15,,656,2,,,0,15,,656,7,,,0,55,,657,2,,,0,15,,657,7,,,0,15,,658,2,,,0,15,,658,7,,,0
21290000,'c_70811_b_85663_d_14',805,,660,2,,,0,15,,660,7,,,0,15,,661,2,,,0,15,,661,7,,,0
21290000,'c_70811_b_85663_d_31',905,,662,2,,,0,15,,662,7,,,0,15,,672,2,,,0,15,,672,7,,,0,55,,673,2,,,0,15,,673,7,,,0,15,,674,2,,,0,15,,674,7,,,0,55,,675,2,,,0,15,,675,7,,,0,15,,676,2,,,0,15,,676,7,,,0,55,,677,2,,,0,15,,677,7,,,0,15,,678,2,,,0,15,,678,7,,,0,55,,679,2,,,0,15,,679,7,,,0,15,,663,2,,,0,15,,663,7,,,0,55,,664,2,,,0,15,,664,7,,,0,15,,665,2,,,0,15,,665,7,,,0,55,,666,2,,,0,15,,666,7,,,0,15,,667,2,,,0,15,,667,7,,,0,55,,668,2,,,0,15,,668,7,,,0,15,,669,2,,,0,15,,669,7,,,0,55,,670,2,,,0,15,,670,7,,,0,15,,671,2,,,0,15,,671,7,,,0
21290000,'c_70811_b_85663_d_4',1805,,680,2,,,0,15,,680,7,,,0,15,,681,2,,,0,15,,681,7,,,0,55,,682,2,,,0,15,,682,7,,,0,15,,683,2,,,0,15,,683,7,,,0,55,,684,2,,,0,15,,684,7,,,0,15,,685,2,,,0,15,,685,7,,,0
21290000,'c_70811_b_85663_d_8',735,,690,2,,,0,15,,690,7,,,0,1055,,686,2,,,0,15,,686,7,,,0,15,,687,2,,,0,15,,687,7,,,0,55,,688,2,,,0,15,,688,7,,,0,15,,689,2,,,0,15,,689,7,,,0
