300,'c_70888_b_none_d_31',729,,202,24,,,0,105,,203,24,,,0,100,,206,24,,,0,100,,204,24,,,0,100,,207,24,,,0,100,,205,24,,,0,100,,208,24,,,0,100,,199,24,,,0,100,,197,24,,,0,100,,200,24,,,0,100,,198,24,,,0,170,,201,24,,,0
300,'c_71594_b_85648_d_31',729,,228,24,,,0,105,,229,24,,,0,100,,232,24,,,0,100,,230,24,,,0,100,,233,24,,,0,100,,231,24,,,0,100,,234,24,,,0,100,,223,24,,,0,100,,221,24,,,0,100,,224,24,,,0,100,,222,24,,,0,170,,225,24,,,0,200,,226,24,,,0,200,,227,24,,,0
300,'c_71596_b_85651_d_32',734,,271,24,,,0,100,,268,24,,,0,100,,272,24,,,0,100,,269,24,,,0,100,,273,24,,,0,100,,270,24,,,0,100,,274,24,,,0,100,,252,24,,,0,100,,275,24,,,0,100,,253,24,,,0,100,,276,24,,,0,170,,249,24,,,0,200,,250,24,,,0,200,,251,24,,,0
300,'c_71597_b_85652_d_64',934,,281,24,,,0,100,,277,24,,,0,100,,282,24,,,0,100,,278,24,,,0,100,,283,24,,,0,100,,279,24,,,0,100,,284,24,,,0,100,,280,24,,,0,100,,285,24,,,0
400,'c_70888_b_none_d_31',701,,343,24,,,0,105,,356,24,,,0,100,,361,24,,,0,100,,362,24,,,0,100,,357,24,,,0,100,,363,24,,,0,100,,358,24,,,0,100,,364,24,,,0,100,,359,24,,,0,100,,365,24,,,0,100,,360,24,,,0,100,,366,24,,,0
400,'c_71594_b_85648_d_31',659,,396,24,,,0,147,,374,24,,,0,100,,372,24,,,0,98,,391,24,,,0,100,,387,24,,,0,100,,392,24,,,0,100,,388,24,,,0,100,,393,24,,,0,100,,389,24,,,0,100,,394,24,,,0,100,,390,24,,,0,100,,395,24,,,0,200,,370,24,,,0,200,,371,24,,,0
400,'c_71596_b_85651_d_32',904,,419,24,,,0,100,,414,24,,,0,100,,420,24,,,0,100,,415,24,,,0,100,,421,24,,,0,100,,416,24,,,0,100,,422,24,,,0,100,,417,24,,,0,100,,423,24,,,0,100,,418,24,,,0,200,,398,24,,,0,200,,399,24,,,0
400,'c_71597_b_85652_d_64',1004,,428,24,,,0,100,,424,24,,,0,100,,429,24,,,0,100,,425,24,,,0,100,,430,24,,,0,100,,426,24,,,0,100,,431,24,,,0,100,,427,24,,,0,100,,432,24,,,0
700,'c_71595_b_85650_d_31',1320,,523,15,,,0,400,,522,15,,,0
800,'c_71595_b_85650_d_31',715,,546,12,,,0,30,,539,12,,,0,70,,540,12,,,0,30,,547,12,,,0,70,,557,12,,,0,30,,548,12,,,0,70,,544,12,,,0,30,,541,12,,,0,70,,549,12,,,0,30,,545,12,,,0,70,,542,12,,,0,30,,550,12,,,0,100,,543,12,,,0,70,,551,12,,,0,30,,566,12,,,0,70,,561,12,,,0,30,,554,12,,,0,70,,552,12,,,0,30,,562,12,,,0,100,,553,12,,,0
