100,'c_71837_b_86637_d_96',751,,724,6,,,0,100,,735,6,,,0,70,,725,6,,,0,30,,736,6,,,0,70,,727,6,,,0,30,,737,6,,,0,70,,728,6,,,0,30,,738,6,,,0,70,,729,6,,,0,30,,739,6,,,0,70,,730,6,,,0,30,,740,6,,,0,70,,731,6,,,0,30,,720,6,,,0,70,,732,6,,,0,30,,721,6,,,0,70,,733,6,,,0,30,,722,6,,,0,70,,734,6,,,0,30,,723,6,,,0,70,,726,6,,,0,100,,741,6,,,0,100,,742,6,,,0,100,,743,6,,,0,100,,744,6,,,0,100,,745,6,,,0
100,'c_71839_b_86639_d_31',721,,772,6,,,0,30,,746,6,,,0,70,,773,6,,,0,30,,747,6,,,0,70,,757,6,,,0,30,,748,6,,,0,70,,759,6,,,0,30,,749,6,,,0,70,,760,6,,,0,30,,750,6,,,0,70,,761,6,,,0,30,,751,6,,,0,70,,762,6,,,0,30,,752,6,,,0,70,,763,6,,,0,30,,753,6,,,0,70,,764,6,,,0,30,,754,6,,,0,70,,765,6,,,0,30,,755,6,,,0,70,,766,6,,,0,30,,756,6,,,0,70,,758,6,,,0,100,,767,6,,,0,100,,768,6,,,0,100,,769,6,,,0,100,,770,6,,,0,100,,771,6,,,0
300,'c_71837_b_86637_d_96',719,,848,6,,,0,100,,845,6,,,0,100,,849,6,,,0,100,,846,6,,,0,100,,850,6,,,0,100,,847,6,,,0,100,,851,6,,,0,100,,833,6,,,0,100,,852,6,,,0,100,,834,6,,,0,100,,853,6,,,0,130,,830,6,,,0,200,,831,6,,,0,200,,832,6,,,0
300,'c_71839_b_86639_d_31',714,,865,6,,,0,105,,866,6,,,0,100,,869,6,,,0,100,,867,6,,,0,100,,870,6,,,0,100,,868,6,,,0,100,,871,6,,,0,100,,860,6,,,0,100,,858,6,,,0,100,,861,6,,,0,100,,859,6,,,0,130,,862,6,,,0,200,,863,6,,,0,200,,864,6,,,0
400,'c_71837_b_86637_d_96',849,,933,6,,,0,100,,921,6,,,0,100,,934,6,,,0,100,,922,6,,,0,100,,935,6,,,0,100,,923,6,,,0,100,,936,6,,,0,100,,924,6,,,0,100,,937,6,,,0,100,,925,6,,,0,200,,912,6,,,0,200,,913,6,,,0
400,'c_71839_b_86639_d_31',644,,966,6,,,0,105,,944,6,,,0,100,,942,6,,,0,100,,961,6,,,0,100,,957,6,,,0,100,,962,6,,,0,100,,958,6,,,0,100,,963,6,,,0,100,,959,6,,,0,100,,964,6,,,0,100,,960,6,,,0,100,,965,6,,,0,200,,940,6,,,0,200,,941,6,,,0
700,'c_71851_b_86665_d_31',1305,,999,6,,,0,400,,998,6,,,0
700,'c_71885_b_86774_d_31',1305,,1069,6,,,0,400,,1070,6,,,0
800,'c_71838_b_86640_d_96',835,,685,6,,,0,70,,673,6,,,0,30,,679,6,,,0,70,,686,6,,,0,30,,674,6,,,0,70,,680,6,,,0,30,,687,6,,,0,70,,675,6,,,0,30,,681,6,,,0,70,,688,6,,,0,30,,676,6,,,0,70,,682,6,,,0,30,,689,6,,,0,70,,677,6,,,0,30,,683,6,,,0,70,,690,6,,,0,30,,678,6,,,0,70,,684,6,,,0,30,,691,6,,,0
800,'c_71851_b_86665_d_31',735,,1014,6,,,0,70,,1015,6,,,0,30,,1030,6,,,0,70,,1023,6,,,0,30,,1031,6,,,0,70,,1019,6,,,0,30,,1016,6,,,0,70,,1032,6,,,0,30,,1020,6,,,0,70,,1017,6,,,0,30,,1033,6,,,0,100,,1018,6,,,0,70,,1034,6,,,0,30,,1040,6,,,0,70,,1038,6,,,0,30,,1037,6,,,0,70,,1035,6,,,0,30,,1039,6,,,0,100,,1036,6,,,0
800,'c_71885_b_86774_d_31',705,,1089,6,,,0,30,,1075,6,,,0,70,,1097,6,,,0,30,,1090,6,,,0,70,,1074,6,,,0,30,,1091,6,,,0,70,,1101,6,,,0,30,,1098,6,,,0,70,,1092,6,,,0,30,,1102,6,,,0,70,,1099,6,,,0,30,,1093,6,,,0,100,,1100,6,,,0,70,,1094,6,,,0,30,,1106,6,,,0,70,,1104,6,,,0,30,,1103,6,,,0,70,,1095,6,,,0,30,,1105,6,,,0,100,,1096,6,,,0
