21290000,'c_70811_b_85661_d_14',825,,598,8,,,0,30,,599,8,,,0
21290000,'c_70811_b_85661_d_31',925,,600,8,,,0,30,,610,8,,,0,70,,611,8,,,0,30,,612,8,,,0,70,,613,8,,,0,30,,614,8,,,0,70,,615,8,,,0,30,,616,8,,,0,70,,617,8,,,0,30,,601,8,,,0,70,,602,8,,,0,30,,603,8,,,0,70,,604,8,,,0,30,,605,8,,,0,70,,606,8,,,0,30,,607,8,,,0,70,,608,8,,,0,30,,609,8,,,0
21290000,'c_70811_b_85661_d_4',1825,,618,8,,,0,30,,619,8,,,0,70,,620,8,,,0,30,,621,8,,,0,70,,622,8,,,0,30,,623,8,,,0
21290000,'c_70811_b_85661_d_8',755,,628,8,,,0,1070,,624,8,,,0,30,,625,8,,,0,70,,626,8,,,0,30,,627,8,,,0
21290000,'c_70811_b_85662_d_14',825,,629,8,,,0,30,,630,8,,,0
21290000,'c_70811_b_85662_d_31',925,,631,8,,,0,30,,641,8,,,0,70,,642,8,,,0,30,,643,8,,,0,70,,644,8,,,0,30,,645,8,,,0,70,,646,8,,,0,30,,647,8,,,0,70,,648,8,,,0,30,,632,8,,,0,70,,633,8,,,0,30,,634,8,,,0,70,,635,8,,,0,30,,636,8,,,0,70,,637,8,,,0,30,,638,8,,,0,70,,639,8,,,0,30,,640,8,,,0
21290000,'c_70811_b_85662_d_4',1825,,649,8,,,0,30,,650,8,,,0,70,,651,8,,,0,30,,652,8,,,0,70,,653,8,,,0,30,,654,8,,,0
21290000,'c_70811_b_85662_d_8',755,,659,8,,,0,1070,,655,8,,,0,30,,656,8,,,0,70,,657,8,,,0,30,,658,8,,,0
21290000,'c_70811_b_85663_d_14',825,,660,8,,,0,30,,661,8,,,0
21290000,'c_70811_b_85663_d_31',925,,662,8,,,0,30,,672,8,,,0,70,,673,8,,,0,30,,674,8,,,0,70,,675,8,,,0,30,,676,8,,,0,70,,677,8,,,0,30,,678,8,,,0,70,,679,8,,,0,30,,663,8,,,0,70,,664,8,,,0,30,,665,8,,,0,70,,666,8,,,0,30,,667,8,,,0,70,,668,8,,,0,30,,669,8,,,0,70,,670,8,,,0,30,,671,8,,,0
21290000,'c_70811_b_85663_d_4',1825,,680,8,,,0,30,,681,8,,,0,70,,682,8,,,0,30,,683,8,,,0,70,,684,8,,,0,30,,685,8,,,0
21290000,'c_70811_b_85663_d_8',755,,690,8,,,0,1070,,686,8,,,0,30,,687,8,,,0,70,,688,8,,,0,30,,689,8,,,0
