300,'c_70888_b_none_d_31',743,,202,31,4,,0,2,,220,1,,,0,103,,203,31,4,,0,2,,209,1,,,0,98,,206,31,4,,0,2,,212,1,,,0,98,,204,31,4,,0,2,,210,1,,,0,98,,207,31,4,,0,2,,213,1,,,0,98,,205,31,4,,0,2,,211,1,,,0,98,,208,31,4,,0,2,,214,1,,,0,98,,199,31,4,,0,2,,217,1,,,0,98,,197,31,4,,0,2,,215,1,,,0,98,,200,31,4,,0,2,,218,1,,,0,98,,198,31,4,,0,2,,216,1,,,0,168,,201,31,4,,0,2,,219,1,,,0
300,'c_71594_b_85648_d_31',743,,228,31,4,,0,2,,245,1,,,0,103,,229,31,4,,0,2,,235,1,,,0,98,,232,31,4,,0,2,,246,1,,,0,98,,230,31,4,,0,2,,236,1,,,0,98,,233,31,4,,0,2,,247,1,,,0,98,,231,31,4,,0,2,,237,1,,,0,98,,234,31,4,,0,2,,248,1,,,0,98,,223,31,4,,0,2,,240,1,,,0,98,,221,31,4,,0,2,,238,1,,,0,98,,224,31,4,,0,2,,241,1,,,0,98,,222,31,4,,0,2,,239,1,,,0,168,,225,31,4,,0,2,,242,1,,,0,198,,226,31,4,,0,2,,243,1,,,0,198,,227,31,4,,0,2,,244,1,,,0
300,'c_71596_b_85651_d_32',748,,271,31,4,,0,2,,254,1,,,0,98,,268,31,4,,0,2,,258,1,,,0,98,,272,31,4,,0,2,,255,1,,,0,98,,269,31,4,,0,2,,259,1,,,0,98,,273,31,4,,0,2,,256,1,,,0,98,,270,31,4,,0,2,,260,1,,,0,98,,274,31,4,,0,2,,257,1,,,0,98,,252,31,4,,0,2,,261,1,,,0,98,,275,31,4,,0,2,,263,1,,,0,98,,253,31,4,,0,2,,262,1,,,0,98,,276,31,4,,0,2,,264,1,,,0,168,,249,31,4,,0,2,,265,1,,,0,198,,250,31,4,,0,2,,266,1,,,0,198,,251,31,4,,0,2,,267,1,,,0
300,'c_71597_b_85652_d_64',850,,286,1,,,0,98,,281,31,4,,0,2,,291,1,,,0,98,,277,31,4,,0,2,,287,1,,,0,98,,282,31,4,,0,2,,292,1,,,0,98,,278,31,4,,0,2,,288,1,,,0,98,,283,31,4,,0,2,,293,1,,,0,98,,279,31,4,,0,2,,289,1,,,0,98,,284,31,4,,0,2,,294,1,,,0,98,,280,31,4,,0,2,,290,1,,,0,98,,285,31,4,,0,2,,295,1,,,0
400,'c_70888_b_none_d_31',605,,355,1,,,0,45,,342,1,,,0,63,,343,31,4,,0,2,,367,1,,,0,103,,356,31,4,,0,2,,344,1,,,0,98,,361,31,4,,0,2,,350,1,,,0,98,,362,31,4,,0,2,,345,1,,,0,98,,357,31,4,,0,2,,351,1,,,0,98,,363,31,4,,0,2,,346,1,,,0,98,,358,31,4,,0,2,,352,1,,,0,98,,364,31,4,,0,2,,347,1,,,0,98,,359,31,4,,0,2,,353,1,,,0,98,,365,31,4,,0,2,,348,1,,,0,98,,360,31,4,,0,2,,354,1,,,0,98,,366,31,4,,0,2,,349,1,,,0
400,'c_71594_b_85648_d_31',605,,373,1,,,0,45,,386,1,,,0,63,,396,31,4,,0,2,,397,1,,,0,105,,375,1,,,0,100,,381,1,,,0,98,,391,31,4,,0,2,,376,1,,,0,98,,387,31,4,,0,2,,382,1,,,0,98,,392,31,4,,0,2,,377,1,,,0,98,,388,31,4,,0,2,,383,1,,,0,98,,393,31,4,,0,2,,378,1,,,0,98,,389,31,4,,0,2,,384,1,,,0,98,,394,31,4,,0,2,,379,1,,,0,98,,390,31,4,,0,2,,385,1,,,0,98,,395,31,4,,0,2,,380,1,,,0,198,,370,31,4,,0,2,,368,1,,,0,198,,371,31,4,,0,2,,369,1,,,0
400,'c_71596_b_85651_d_32',650,,400,1,,,0,170,,401,1,,,0,98,,419,31,4,,0,2,,407,1,,,0,98,,414,31,4,,0,2,,402,1,,,0,98,,420,31,4,,0,2,,408,1,,,0,98,,415,31,4,,0,2,,403,1,,,0,98,,421,31,4,,0,2,,409,1,,,0,98,,416,31,4,,0,2,,404,1,,,0,98,,422,31,4,,0,2,,410,1,,,0,98,,417,31,4,,0,2,,405,1,,,0,98,,423,31,4,,0,2,,411,1,,,0,98,,418,31,4,,0,2,,406,1,,,0,198,,398,31,4,,0,2,,412,1,,,0,198,,399,31,4,,0,2,,413,1,,,0
400,'c_71597_b_85652_d_64',920,,438,1,,,0,98,,428,31,4,,0,2,,433,1,,,0,98,,424,31,4,,0,2,,439,1,,,0,98,,429,31,4,,0,2,,434,1,,,0,98,,425,31,4,,0,2,,440,1,,,0,98,,430,31,4,,0,2,,435,1,,,0,98,,426,31,4,,0,2,,441,1,,,0,98,,431,31,4,,0,2,,436,1,,,0,98,,427,31,4,,0,2,,442,1,,,0,98,,432,31,4,,0,2,,437,1,,,0
800,'c_71595_b_85650_d_31',655,,555,1,,,0,67,,546,15,4,,0,3,,525,1,,,0,27,,539,15,4,,0,3,,533,1,,,0,67,,540,15,4,,0,3,,556,1,,,0,27,,547,15,4,,0,3,,526,1,,,0,70,,529,1,,,0,27,,548,15,4,,0,3,,534,1,,,0,67,,544,15,4,,0,3,,527,1,,,0,27,,541,15,4,,0,3,,530,1,,,0,67,,549,15,4,,0,3,,535,1,,,0,27,,545,15,4,,0,3,,528,1,,,0,67,,542,15,4,,0,3,,531,1,,,0,27,,550,15,4,,0,3,,536,1,,,0,75,,567,1,,,0,22,,543,15,4,,0,3,,532,1,,,0,67,,551,15,4,,0,3,,537,1,,,0,27,,566,15,4,,0,3,,558,1,,,0,67,,561,15,4,,0,3,,563,1,,,0,27,,554,15,4,,0,3,,538,1,,,0,67,,552,15,4,,0,3,,559,1,,,0,27,,562,15,4,,0,3,,564,1,,,0,75,,565,1,,,0,22,,553,15,4,,0,3,,560,1,,,0
900,'c_71595_b_85650_d_31',640,,594,20,4,,0
