300,'c_70888_b_none_d_31',801,,220,17,0,5,0,101,,209,17,0,5,0,100,,212,17,0,5,0,100,,210,17,0,5,0,100,,213,17,0,5,0,100,,211,17,0,5,0,100,,214,17,0,5,0,100,,217,17,0,5,0,100,,215,17,0,5,0,100,,218,17,0,5,0,100,,216,17,0,5,0,130,,219,17,0,5,0
300,'c_71594_b_85648_d_31',801,,245,17,0,5,0,101,,235,17,0,5,0,100,,246,17,0,5,0,100,,236,17,0,5,0,100,,247,17,0,5,0,100,,237,17,0,5,0,100,,248,17,0,5,0,100,,240,17,0,5,0,100,,238,17,0,5,0,100,,241,17,0,5,0,100,,239,17,0,5,0,130,,242,17,0,5,0,200,,243,17,0,5,0,200,,244,17,0,5,0
300,'c_71596_b_85651_d_32',802,,254,17,0,5,0,100,,258,17,0,5,0,100,,255,17,0,5,0,100,,259,17,0,5,0,100,,256,17,0,5,0,100,,260,17,0,5,0,100,,257,17,0,5,0,100,,261,17,0,5,0,100,,263,17,0,5,0,100,,262,17,0,5,0,100,,264,17,0,5,0,130,,265,17,0,5,0,200,,266,17,0,5,0,200,,267,17,0,5,0
300,'c_71597_b_85652_d_64',902,,286,17,0,5,0,100,,291,17,0,5,0,100,,287,17,0,5,0,100,,292,17,0,5,0,100,,288,17,0,5,0,100,,293,17,0,5,0,100,,289,17,0,5,0,100,,294,17,0,5,0,100,,290,17,0,5,0,100,,295,17,0,5,0
21290000,'c_70811_b_85661_d_14',806,,598,3,,,0,30,,599,3,,,0
21290000,'c_70811_b_85661_d_31',906,,600,3,,,0,30,,610,3,,,0,70,,611,3,,,0,30,,612,3,,,0,70,,613,3,,,0,30,,614,3,,,0,70,,615,3,,,0,30,,616,3,,,0,70,,617,3,,,0,30,,601,3,,,0,70,,602,3,,,0,30,,603,3,,,0,70,,604,3,,,0,30,,605,3,,,0,70,,606,3,,,0,30,,607,3,,,0,70,,608,3,,,0,30,,609,3,,,0
21290000,'c_70811_b_85661_d_4',1806,,618,3,,,0,30,,619,3,,,0,70,,620,3,,,0,30,,621,3,,,0,70,,622,3,,,0,30,,623,3,,,0
21290000,'c_70811_b_85661_d_8',736,,628,3,,,0,1070,,624,3,,,0,30,,625,3,,,0,70,,626,3,,,0,30,,627,3,,,0
21290000,'c_70811_b_85662_d_14',806,,629,3,,,0,30,,630,3,,,0
21290000,'c_70811_b_85662_d_31',906,,631,3,,,0,30,,641,3,,,0,70,,642,3,,,0,30,,643,3,,,0,70,,644,3,,,0,30,,645,3,,,0,70,,646,3,,,0,30,,647,3,,,0,70,,648,3,,,0,30,,632,3,,,0,70,,633,3,,,0,30,,634,3,,,0,70,,635,3,,,0,30,,636,3,,,0,70,,637,3,,,0,30,,638,3,,,0,70,,639,3,,,0,30,,640,3,,,0
21290000,'c_70811_b_85662_d_4',1806,,649,3,,,0,30,,650,3,,,0,70,,651,3,,,0,30,,652,3,,,0,70,,653,3,,,0,30,,654,3,,,0
21290000,'c_70811_b_85662_d_8',736,,659,3,,,0,1070,,655,3,,,0,30,,656,3,,,0,70,,657,3,,,0,30,,658,3,,,0
21290000,'c_70811_b_85663_d_14',806,,660,3,,,0,30,,661,3,,,0
21290000,'c_70811_b_85663_d_31',906,,662,3,,,0,30,,672,3,,,0,70,,673,3,,,0,30,,674,3,,,0,70,,675,3,,,0,30,,676,3,,,0,70,,677,3,,,0,30,,678,3,,,0,70,,679,3,,,0,30,,663,3,,,0,70,,664,3,,,0,30,,665,3,,,0,70,,666,3,,,0,30,,667,3,,,0,70,,668,3,,,0,30,,669,3,,,0,70,,670,3,,,0,30,,671,3,,,0
21290000,'c_70811_b_85663_d_4',1806,,680,3,,,0,30,,681,3,,,0,70,,682,3,,,0,30,,683,3,,,0,70,,684,3,,,0,30,,685,3,,,0
21290000,'c_70811_b_85663_d_8',736,,690,3,,,0,1070,,686,3,,,0,30,,687,3,,,0,70,,688,3,,,0,30,,689,3,,,0
