101,'c_71837_b_86637_d_96',713,,789,15,,,0,100,,774,15,,,0,30,,790,15,,,0,70,,775,15,,,0,30,,793,15,,,0,70,,776,15,,,0,30,,794,15,,,0,70,,777,15,,,0,30,,795,15,,,0,70,,778,15,,,0,30,,796,15,,,0,70,,779,15,,,0,30,,797,15,,,0,70,,780,15,,,0,30,,798,15,,,0,70,,781,15,,,0,30,,799,15,,,0,70,,782,15,,,0,30,,800,15,,,0,70,,783,15,,,0,30,,791,15,,,0,70,,784,15,,,0,30,,792,15,,,0,100,,785,15,,,0,100,,786,15,,,0,100,,787,15,,,0,100,,788,15,,,0
101,'c_71839_b_86639_d_31',638,,811,15,,,0,70,,812,15,,,0,35,,821,15,,,0,70,,822,15,,,0,30,,829,15,,,0,70,,823,15,,,0,30,,801,15,,,0,70,,824,15,,,0,30,,803,15,,,0,70,,825,15,,,0,30,,804,15,,,0,70,,826,15,,,0,30,,805,15,,,0,70,,827,15,,,0,30,,806,15,,,0,70,,828,15,,,0,30,,807,15,,,0,70,,813,15,,,0,30,,808,15,,,0,70,,814,15,,,0,30,,809,15,,,0,70,,815,15,,,0,30,,810,15,,,0,70,,816,15,,,0,30,,802,15,,,0,100,,817,15,,,0,100,,818,15,,,0,100,,819,15,,,0,100,,820,15,,,0
301,'c_71837_b_86637_d_96',844,,887,27,,,0,100,,890,27,,,0,100,,888,27,,,0,100,,891,27,,,0,100,,889,27,,,0,100,,892,27,,,0,100,,886,27,,,0,100,,893,27,,,0,100,,895,27,,,0,100,,894,27,,,0,100,,896,27,,,0,170,,897,27,0,16 13,0,200,,898,27,0,16 13,0
301,'c_71839_b_86639_d_31',844,,900,27,,,0,100,,905,27,,,0,100,,901,27,,,0,100,,906,27,,,0,100,,902,27,,,0,100,,907,27,,,0,100,,899,27,,,0,100,,903,27,,,0,100,,910,27,,,0,100,,904,27,,,0,100,,911,27,,,0,170,,908,27,0,16 13,0,200,,909,27,0,16 13,0
401,'c_71837_b_86637_d_96',743,,968,27,0,16 13,0,170,,969,27,,,0,100,,974,27,,,0,100,,970,27,,,0,100,,975,27,,,0,100,,971,27,,,0,100,,976,27,,,0,100,,972,27,,,0,100,,977,27,,,0,100,,973,27,,,0,100,,978,27,,,0,100,,981,27,0,16 13,0,200,,979,27,0,16 13,0,200,,980,27,0,16 13,0
401,'c_71839_b_86639_d_31',654,,982,27,,,0,90,,985,27,,,0,70,,983,27,,,0,100,,984,27,,,0,100,,991,27,,,0,100,,986,27,,,0,100,,992,27,,,0,100,,987,27,,,0,100,,993,27,,,0,100,,988,27,,,0,100,,994,27,,,0,100,,989,27,,,0,100,,995,27,,,0,100,,990,27,0,16 13,0,200,,996,27,0,16 13,0,200,,997,27,0,16 13,0
701,'c_71851_b_86665_d_31',714,,1001,19,,,0
701,'c_71885_b_86774_d_31',714,,1071,19,,,0
801,'c_71838_b_86640_d_96',806,,713,12,,,0,100,,700,12,,,0,30,,714,12,,,0,70,,707,12,,,0,30,,701,12,,,0,70,,715,12,,,0,30,,708,12,,,0,70,,702,12,,,0,30,,716,12,,,0,70,,709,12,,,0,30,,703,12,,,0,70,,717,12,,,0,30,,710,12,,,0,70,,704,12,,,0,30,,718,12,,,0,70,,711,12,,,0,30,,705,12,,,0,70,,719,12,,,0,30,,712,12,,,0,70,,706,12,,,0
801,'c_71851_b_86665_d_31',736,,1049,12,,,0,70,,1047,12,,,0,30,,1048,12,,,0,70,,1050,12,,,0,30,,1057,12,,,0,70,,1054,12,,,0,30,,1051,12,,,0,70,,1058,12,,,0,30,,1055,12,,,0,70,,1052,12,,,0,30,,1059,12,,,0,70,,1056,12,,,0,30,,1053,12,,,0,70,,1060,12,,,0,30,,1068,12,,,0,70,,1063,12,,,0,30,,1061,12,,,0,70,,1066,12,,,0,30,,1064,12,,,0,70,,1062,12,,,0,30,,1067,12,,,0,70,,1065,12,,,0
801,'c_71885_b_86774_d_31',736,,1117,12,,,0,70,,1115,12,,,0,30,,1116,12,,,0,70,,1118,12,,,0,30,,1125,12,,,0,70,,1122,12,,,0,30,,1119,12,,,0,70,,1126,12,,,0,30,,1123,12,,,0,70,,1120,12,,,0,30,,1127,12,,,0,70,,1124,12,,,0,30,,1121,12,,,0,70,,1128,12,,,0,30,,1136,12,,,0,70,,1131,12,,,0,30,,1129,12,,,0,70,,1134,12,,,0,30,,1132,12,,,0,70,,1130,12,,,0,30,,1135,12,,,0,70,,1133,12,,,0
