21290000,'c_70811_b_85661_d_14',810,,598,5,,,0,30,,599,5,,,0
21290000,'c_70811_b_85661_d_31',910,,600,5,,,0,30,,610,5,,,0,70,,611,5,,,0,30,,612,5,,,0,70,,613,5,,,0,30,,614,5,,,0,70,,615,5,,,0,30,,616,5,,,0,70,,617,5,,,0,30,,601,5,,,0,70,,602,5,,,0,30,,603,5,,,0,70,,604,5,,,0,30,,605,5,,,0,70,,606,5,,,0,30,,607,5,,,0,70,,608,5,,,0,30,,609,5,,,0
21290000,'c_70811_b_85661_d_4',1810,,618,5,,,0,30,,619,5,,,0,70,,620,5,,,0,30,,621,5,,,0,70,,622,5,,,0,30,,623,5,,,0
21290000,'c_70811_b_85661_d_8',740,,628,5,,,0,1070,,624,5,,,0,30,,625,5,,,0,70,,626,5,,,0,30,,627,5,,,0
21290000,'c_70811_b_85662_d_14',810,,629,5,,,0,30,,630,5,,,0
21290000,'c_70811_b_85662_d_31',910,,631,5,,,0,30,,641,5,,,0,70,,642,5,,,0,30,,643,5,,,0,70,,644,5,,,0,30,,645,5,,,0,70,,646,5,,,0,30,,647,5,,,0,70,,648,5,,,0,30,,632,5,,,0,70,,633,5,,,0,30,,634,5,,,0,70,,635,5,,,0,30,,636,5,,,0,70,,637,5,,,0,30,,638,5,,,0,70,,639,5,,,0,30,,640,5,,,0
21290000,'c_70811_b_85662_d_4',1810,,649,5,,,0,30,,650,5,,,0,70,,651,5,,,0,30,,652,5,,,0,70,,653,5,,,0,30,,654,5,,,0
21290000,'c_70811_b_85662_d_8',740,,659,5,,,0,1070,,655,5,,,0,30,,656,5,,,0,70,,657,5,,,0,30,,658,5,,,0
21290000,'c_70811_b_85663_d_14',810,,660,5,,,0,30,,661,5,,,0
21290000,'c_70811_b_85663_d_31',910,,662,5,,,0,30,,672,5,,,0,70,,673,5,,,0,30,,674,5,,,0,70,,675,5,,,0,30,,676,5,,,0,70,,677,5,,,0,30,,678,5,,,0,70,,679,5,,,0,30,,663,5,,,0,70,,664,5,,,0,30,,665,5,,,0,70,,666,5,,,0,30,,667,5,,,0,70,,668,5,,,0,30,,669,5,,,0,70,,670,5,,,0,30,,671,5,,,0
21290000,'c_70811_b_85663_d_4',1810,,680,5,,,0,30,,681,5,,,0,70,,682,5,,,0,30,,683,5,,,0,70,,684,5,,,0,30,,685,5,,,0
21290000,'c_70811_b_85663_d_8',740,,690,5,,,0,1070,,686,5,,,0,30,,687,5,,,0,70,,688,5,,,0,30,,689,5,,,0
