301,'c_70888_b_none_d_31',822,,297,7,,,0,100,,302,7,,,0,100,,298,7,,,0,100,,303,7,,,0,100,,299,7,,,0,100,,304,7,,,0,100,,296,7,,,0,100,,300,7,,,0,100,,305,7,,,0,100,,301,7,,,0,100,,306,7,,,0
301,'c_71594_b_85648_d_31',822,,308,7,,,0,100,,313,7,,,0,100,,309,7,,,0,100,,314,7,,,0,100,,310,7,,,0,100,,315,7,,,0,100,,307,7,,,0,100,,311,7,,,0,100,,318,7,,,0,100,,312,7,,,0,100,,319,7,,,0,130,,316,7,0,5 1 12 13,0,200,,317,7,0,5 1 12 13,0
301,'c_71596_b_85651_d_32',822,,321,7,,,0,100,,324,7,,,0,100,,322,7,,,0,100,,325,7,,,0,100,,323,7,,,0,100,,326,7,,,0,100,,320,7,,,0,100,,327,7,,,0,100,,329,7,,,0,100,,328,7,,,0,100,,330,7,,,0,130,,331,7,,,0,200,,332,7,,,0
301,'c_71597_b_85652_d_64',922,,337,7,,,0,100,,333,7,,,0,100,,338,7,,,0,100,,334,7,,,0,100,,339,7,,,0,100,,335,7,,,0,100,,340,7,,,0,100,,336,7,,,0,100,,341,7,,,0
401,'c_70888_b_none_d_31',632,,443,7,,,0,90,,446,7,,,0,30,,444,7,,,0,100,,445,7,,,0,100,,452,7,,,0,100,,447,7,,,0,100,,453,7,,,0,100,,448,7,,,0,100,,454,7,,,0,100,,449,7,,,0,100,,455,7,,,0,100,,450,7,,,0,100,,456,7,,,0,100,,451,7,0,5 1 12 13,0
401,'c_71594_b_85648_d_31',632,,457,7,,,0,90,,460,7,,,0,30,,458,7,,,0,100,,459,7,,,0,100,,466,7,,,0,100,,461,7,,,0,100,,467,7,,,0,100,,462,7,,,0,100,,468,7,,,0,100,,463,7,,,0,100,,469,7,,,0,100,,464,7,,,0,100,,470,7,,,0,100,,465,7,0,5 1 12 13,0,200,,471,7,0,5 1 12 13,0,200,,472,7,0,5 1 12 13,0
401,'c_71596_b_85651_d_32',722,,473,7,0,5 1 12 13,0,130,,474,7,,,0,100,,479,7,,,0,100,,475,7,,,0,100,,480,7,,,0,100,,476,7,,,0,100,,481,7,,,0,100,,477,7,,,0,100,,482,7,,,0,100,,478,7,,,0,100,,483,7,,,0,100,,486,7,0,5 1 12 13,0,200,,484,7,0,5 1 12 13,0,200,,485,7,0,5 1 12 13,0
401,'c_71597_b_85652_d_64',952,,492,7,,,0,100,,487,7,,,0,100,,493,7,,,0,100,,488,7,,,0,100,,494,7,,,0,100,,489,7,,,0,100,,495,7,,,0,100,,490,7,,,0,100,,491,7,0,5 1 12 13,0
701,'c_71595_b_85650_d_31',653,,524,7,,,0
801,'c_71595_b_85650_d_31',720,,581,3,,,0,30,,569,3,,,0,70,,580,3,,,0,30,,568,3,,,0,70,,571,3,,,0,30,,577,3,,,0,70,,582,3,,,0,30,,572,3,,,0,70,,578,3,,,0,30,,583,3,,,0,70,,573,3,,,0,30,,579,3,,,0,70,,584,3,,,0,30,,574,3,,,0,70,,570,3,,,0,30,,587,3,,,0,70,,575,3,,,0,30,,585,3,,,0,70,,588,3,,,0,30,,576,3,,,0,70,,586,3,,,0,30,,589,3,,,0
