300,'c_70888_b_none_d_31',720,,202,12,,,0,105,,203,12,,,0,100,,206,12,,,0,100,,204,12,,,0,100,,207,12,,,0,100,,205,12,,,0,100,,208,12,,,0,100,,199,12,,,0,100,,197,12,,,0,100,,200,12,,,0,100,,198,12,,,0,130,,201,12,,,0
300,'c_71594_b_85648_d_31',720,,228,12,,,0,105,,229,12,,,0,100,,232,12,,,0,100,,230,12,,,0,100,,233,12,,,0,100,,231,12,,,0,100,,234,12,,,0,100,,223,12,,,0,100,,221,12,,,0,100,,224,12,,,0,100,,222,12,,,0,130,,225,12,,,0,200,,226,12,,,0,200,,227,12,,,0
300,'c_71596_b_85651_d_32',725,,271,12,,,0,100,,268,12,,,0,100,,272,12,,,0,100,,269,12,,,0,100,,273,12,,,0,100,,270,12,,,0,100,,274,12,,,0,100,,252,12,,,0,100,,275,12,,,0,100,,253,12,,,0,100,,276,12,,,0,130,,249,12,,,0,200,,250,12,,,0,200,,251,12,,,0
300,'c_71597_b_85652_d_64',925,,281,12,,,0,100,,277,12,,,0,100,,282,12,,,0,100,,278,12,,,0,100,,283,12,,,0,100,,279,12,,,0,100,,284,12,,,0,100,,280,12,,,0,100,,285,12,,,0
301,'c_70888_b_none_d_31',836,,297,20,,,0,100,,302,20,,,0,100,,298,20,,,0,100,,303,20,,,0,100,,299,20,,,0,100,,304,20,,,0,100,,296,20,,,0,100,,300,20,,,0,100,,305,20,,,0,100,,301,20,,,0,100,,306,20,,,0
301,'c_71594_b_85648_d_31',836,,308,20,,,0,100,,313,20,,,0,100,,309,20,,,0,100,,314,20,,,0,100,,310,20,,,0,100,,315,20,,,0,100,,307,20,,,0,100,,311,20,,,0,100,,318,20,,,0,100,,312,20,,,0,100,,319,20,,,0,170,,316,20,0,5 1 12 13,0,200,,317,20,0,5 1 12 13,0
301,'c_71596_b_85651_d_32',836,,321,20,,,0,100,,324,20,,,0,100,,322,20,,,0,100,,325,20,,,0,100,,323,20,,,0,100,,326,20,,,0,100,,320,20,,,0,100,,327,20,,,0,100,,329,20,,,0,100,,328,20,,,0,100,,330,20,,,0,170,,331,20,,,0,200,,332,20,,,0
301,'c_71597_b_85652_d_64',936,,337,20,,,0,100,,333,20,,,0,100,,338,20,,,0,100,,334,20,,,0,100,,339,20,,,0,100,,335,20,,,0,100,,340,20,,,0,100,,336,20,,,0,100,,341,20,,,0
400,'c_70888_b_none_d_31',652,,343,12,,,0,105,,356,12,,,0,100,,361,12,,,0,100,,362,12,,,0,100,,357,12,,,0,100,,363,12,,,0,100,,358,12,,,0,100,,364,12,,,0,100,,359,12,,,0,100,,365,12,,,0,100,,360,12,,,0,100,,366,12,,,0
400,'c_71594_b_85648_d_31',650,,396,12,,,0,107,,374,12,,,0,100,,372,12,,,0,98,,391,12,,,0,100,,387,12,,,0,100,,392,12,,,0,100,,388,12,,,0,100,,393,12,,,0,100,,389,12,,,0,100,,394,12,,,0,100,,390,12,,,0,100,,395,12,,,0,200,,370,12,,,0,200,,371,12,,,0
400,'c_71596_b_85651_d_32',855,,419,12,,,0,100,,414,12,,,0,100,,420,12,,,0,100,,415,12,,,0,100,,421,12,,,0,100,,416,12,,,0,100,,422,12,,,0,100,,417,12,,,0,100,,423,12,,,0,100,,418,12,,,0,200,,398,12,,,0,200,,399,12,,,0
400,'c_71597_b_85652_d_64',955,,428,12,,,0,100,,424,12,,,0,100,,429,12,,,0,100,,425,12,,,0,100,,430,12,,,0,100,,426,12,,,0,100,,431,12,,,0,100,,427,12,,,0,100,,432,12,,,0
401,'c_70888_b_none_d_31',646,,443,20,,,0,90,,446,20,,,0,70,,444,20,,,0,100,,445,20,,,0,100,,452,20,,,0,100,,447,20,,,0,100,,453,20,,,0,100,,448,20,,,0,100,,454,20,,,0,100,,449,20,,,0,100,,455,20,,,0,100,,450,20,,,0,100,,456,20,,,0,100,,451,20,0,5 1 12 13,0
401,'c_71594_b_85648_d_31',646,,457,20,,,0,90,,460,20,,,0,70,,458,20,,,0,100,,459,20,,,0,100,,466,20,,,0,100,,461,20,,,0,100,,467,20,,,0,100,,462,20,,,0,100,,468,20,,,0,100,,463,20,,,0,100,,469,20,,,0,100,,464,20,,,0,100,,470,20,,,0,100,,465,20,0,5 1 12 13,0,200,,471,20,0,5 1 12 13,0,200,,472,20,0,5 1 12 13,0
401,'c_71596_b_85651_d_32',736,,473,20,0,5 1 12 13,0,170,,474,20,,,0,100,,479,20,,,0,100,,475,20,,,0,100,,480,20,,,0,100,,476,20,,,0,100,,481,20,,,0,100,,477,20,,,0,100,,482,20,,,0,100,,478,20,,,0,100,,483,20,,,0,100,,486,20,0,5 1 12 13,0,200,,484,20,0,5 1 12 13,0,200,,485,20,0,5 1 12 13,0
401,'c_71597_b_85652_d_64',1006,,492,20,,,0,100,,487,20,,,0,100,,493,20,,,0,100,,488,20,,,0,100,,494,20,,,0,100,,489,20,,,0,100,,495,20,,,0,100,,490,20,,,0,100,,491,20,0,5 1 12 13,0
