300,'c_70888_b_none_d_31',812,,220,23,4,,0,100,,209,23,4,,0,100,,212,23,4,,0,100,,210,23,4,,0,100,,213,23,4,,0,100,,211,23,4,,0,100,,214,23,4,,0,100,,217,23,4,,0,100,,215,23,4,,0,100,,218,23,4,,0,100,,216,23,4,,0,130,,219,23,4,,0
300,'c_71594_b_85648_d_31',812,,245,23,4,,0,100,,235,23,4,,0,100,,246,23,4,,0,100,,236,23,4,,0,100,,247,23,4,,0,100,,237,23,4,,0,200,,240,23,4,,0,100,,238,23,4,,0,100,,241,23,4,,0,100,,239,23,4,,0,130,,242,23,4,,0,200,,243,23,4,,0,200,,244,23,4,,0
300,'c_71596_b_85651_d_32',812,,254,23,4,,0,100,,258,23,4,,0,100,,255,23,4,,0,100,,259,23,4,,0,100,,256,23,4,,0,100,,260,23,4,,0,100,,257,23,4,,0,100,,261,23,4,,0,100,,263,23,4,,0,100,,262,23,4,,0,100,,264,23,4,,0,130,,265,23,4,,0,200,,266,23,4,,0,200,,267,23,4,,0
300,'c_71597_b_85652_d_64',912,,286,23,4,,0,100,,291,23,4,,0,100,,287,23,4,,0,100,,292,23,4,,0,100,,288,23,4,,0,100,,293,23,4,,0,100,,289,23,4,,0,100,,294,23,4,,0,100,,290,23,4,,0,100,,295,23,4,,0
301,'c_70888_b_none_d_31',815,,297,1,,,0,100,,302,1,,,0,100,,298,1,,,0,100,,303,1,,,0,100,,299,1,,,0,100,,304,1,,,0,100,,296,1,,,0,100,,300,1,,,0,100,,305,1,,,0,100,,301,1,,,0,100,,306,1,,,0
301,'c_71594_b_85648_d_31',815,,308,1,,,0,100,,313,1,,,0,100,,309,1,,,0,100,,314,1,,,0,100,,310,1,,,0,100,,315,1,,,0,100,,307,1,,,0,100,,311,1,,,0,100,,318,1,,,0,100,,312,1,,,0,100,,319,1,,,0,130,,316,1,0,5 1 12 13,0,200,,317,1,0,5 1 12 13,0
301,'c_71596_b_85651_d_32',815,,321,1,,,0,100,,324,1,,,0,100,,322,1,,,0,100,,325,1,,,0,100,,323,1,,,0,100,,326,1,,,0,100,,320,1,,,0,100,,327,1,,,0,100,,329,1,,,0,100,,328,1,,,0,100,,330,1,,,0,130,,331,1,,,0,200,,332,1,,,0
301,'c_71597_b_85652_d_64',915,,337,1,,,0,100,,333,1,,,0,100,,338,1,,,0,100,,334,1,,,0,100,,339,1,,,0,100,,335,1,,,0,100,,340,1,,,0,100,,336,1,,,0,100,,341,1,,,0
400,'c_70888_b_none_d_31',623,,355,23,4,,0,89,,342,23,4,,0,31,,367,23,4,,0,99,,344,23,4,,0,100,,350,23,4,,0,100,,345,23,4,,0,100,,351,23,4,,0,100,,346,23,4,,0,100,,352,23,4,,0,100,,347,23,4,,0,100,,353,23,4,,0,100,,348,23,4,,0,100,,354,23,4,,0,100,,349,23,4,,0
400,'c_71594_b_85648_d_31',623,,373,24,4,,0,89,,386,24,4,,0,31,,397,24,4,,0,99,,375,24,4,,0,100,,381,24,4,,0,100,,376,24,4,,0,100,,382,24,4,,0,100,,377,24,4,,0,100,,383,24,4,,0,100,,378,24,4,,0,100,,384,24,4,,0,100,,379,24,4,,0,100,,385,24,4,,0,100,,380,24,4,,0,200,,368,24,4,,0,200,,369,24,4,,0
400,'c_71596_b_85651_d_32',712,,400,23,4,,0,130,,401,23,4,,0,100,,407,23,4,,0,100,,402,23,4,,0,100,,408,23,4,,0,100,,403,23,4,,0,100,,409,23,4,,0,100,,404,23,4,,0,100,,410,23,4,,0,100,,405,23,4,,0,100,,411,23,4,,0,100,,406,23,4,,0,200,,412,23,4,,0,200,,413,23,4,,0
400,'c_71597_b_85652_d_64',942,,438,23,4,,0,100,,433,23,4,,0,100,,439,23,4,,0,100,,434,23,4,,0,100,,440,23,4,,0,100,,435,23,4,,0,100,,441,23,4,,0,100,,436,23,4,,0,100,,442,23,4,,0,100,,437,23,4,,0
401,'c_70888_b_none_d_31',625,,443,1,,,0,90,,446,1,,,0,30,,444,1,,,0,100,,445,1,,,0,100,,452,1,,,0,100,,447,1,,,0,100,,453,1,,,0,100,,448,1,,,0,100,,454,1,,,0,100,,449,1,,,0,100,,455,1,,,0,100,,450,1,,,0,100,,456,1,,,0,100,,451,1,0,5 1 12 13,0
401,'c_71594_b_85648_d_31',625,,457,1,,,0,90,,460,1,,,0,30,,458,1,,,0,100,,459,1,,,0,100,,466,1,,,0,100,,461,1,,,0,100,,467,1,,,0,100,,462,1,,,0,100,,468,1,,,0,100,,463,1,,,0,100,,469,1,,,0,100,,464,1,,,0,100,,470,1,,,0,100,,465,1,0,5 1 12 13,0,200,,471,1,0,5 1 12 13,0,200,,472,1,0,5 1 12 13,0
401,'c_71596_b_85651_d_32',715,,473,1,0,5 1 12 13,0,130,,474,1,,,0,100,,479,1,,,0,100,,475,1,,,0,100,,480,1,,,0,100,,476,1,,,0,100,,481,1,,,0,100,,477,1,,,0,100,,482,1,,,0,100,,478,1,,,0,100,,483,1,,,0,100,,486,1,0,5 1 12 13,0,200,,484,1,0,5 1 12 13,0,200,,485,1,0,5 1 12 13,0
401,'c_71597_b_85652_d_64',945,,492,1,,,0,100,,487,1,,,0,100,,493,1,,,0,100,,488,1,,,0,100,,494,1,,,0,100,,489,1,,,0,100,,495,1,,,0,100,,490,1,,,0,100,,491,1,0,5 1 12 13,0
