100,'c_71837_b_86637_d_96',747,,724,1,,,0,100,,735,1,,,0,70,,725,1,,,0,30,,736,1,,,0,70,,727,1,,,0,30,,737,1,,,0,70,,728,1,,,0,30,,738,1,,,0,70,,729,1,,,0,30,,739,1,,,0,70,,730,1,,,0,30,,740,1,,,0,70,,731,1,,,0,30,,720,1,,,0,70,,732,1,,,0,30,,721,1,,,0,70,,733,1,,,0,30,,722,1,,,0,70,,734,1,,,0,30,,723,1,,,0,70,,726,1,,,0,100,,741,1,,,0,100,,742,1,,,0,100,,743,1,,,0,100,,744,1,,,0,100,,745,1,,,0
100,'c_71839_b_86639_d_31',717,,772,1,,,0,30,,746,1,,,0,70,,773,1,,,0,30,,747,1,,,0,70,,757,1,,,0,30,,748,1,,,0,70,,759,1,,,0,30,,749,1,,,0,70,,760,1,,,0,30,,750,1,,,0,70,,761,1,,,0,30,,751,1,,,0,70,,762,1,,,0,30,,752,1,,,0,70,,763,1,,,0,30,,753,1,,,0,70,,764,1,,,0,30,,754,1,,,0,70,,765,1,,,0,30,,755,1,,,0,70,,766,1,,,0,30,,756,1,,,0,70,,758,1,,,0,100,,767,1,,,0,100,,768,1,,,0,100,,769,1,,,0,100,,770,1,,,0,100,,771,1,,,0
101,'c_71837_b_86637_d_96',721,,789,20,4,,0,100,,774,20,4,,0,30,,790,20,4,,0,70,,775,20,4,,0,30,,793,20,4,,0,70,,776,20,4,,0,30,,794,20,4,,0,70,,777,20,4,,0,30,,795,20,4,,0,70,,778,20,4,,0,30,,796,20,4,,0,70,,779,20,4,,0,30,,797,20,4,,0,70,,780,20,4,,0,30,,798,20,4,,0,70,,781,20,4,,0,30,,799,20,4,,0,70,,782,20,4,,0,30,,800,20,4,,0,70,,783,20,4,,0,30,,791,20,4,,0,70,,784,20,4,,0,30,,792,20,4,,0,100,,785,20,4,,0,100,,786,20,4,,0,100,,787,20,4,,0,100,,788,20,4,,0
101,'c_71839_b_86639_d_31',646,,811,20,4,,0,70,,812,20,4,,0,35,,821,20,4,,0,70,,822,20,4,,0,30,,829,20,4,,0,70,,823,20,4,,0,30,,801,20,4,,0,70,,824,20,4,,0,30,,803,20,4,,0,70,,825,20,4,,0,30,,804,20,4,,0,70,,826,20,4,,0,30,,805,20,4,,0,70,,827,20,4,,0,30,,806,20,4,,0,70,,828,20,4,,0,30,,807,20,4,,0,70,,813,20,4,,0,30,,808,20,4,,0,70,,814,20,4,,0,30,,809,20,4,,0,70,,815,20,4,,0,30,,810,20,4,,0,70,,816,20,4,,0,30,,802,20,4,,0,100,,817,20,4,,0,100,,818,20,4,,0,100,,819,20,4,,0,100,,820,20,4,,0
300,'c_71837_b_86637_d_96',715,,848,1,,,0,100,,845,1,,,0,100,,849,1,,,0,100,,846,1,,,0,100,,850,1,,,0,100,,847,1,,,0,100,,851,1,,,0,100,,833,1,,,0,100,,852,1,,,0,100,,834,1,,,0,100,,853,1,,,0,130,,830,1,,,0,200,,831,1,,,0,200,,832,1,,,0
300,'c_71839_b_86639_d_31',710,,865,1,,,0,105,,866,1,,,0,100,,869,1,,,0,100,,867,1,,,0,100,,870,1,,,0,100,,868,1,,,0,100,,871,1,,,0,100,,860,1,,,0,100,,858,1,,,0,100,,861,1,,,0,100,,859,1,,,0,130,,862,1,,,0,200,,863,1,,,0,200,,864,1,,,0
301,'c_71837_b_86637_d_96',851,,887,29,4,,0,100,,890,29,4,,0,100,,888,29,4,,0,100,,891,29,4,,0,100,,889,29,4,,0,100,,892,29,4,,0,100,,886,29,4,,0,100,,893,29,4,,0,100,,895,29,4,,0,100,,894,29,4,,0,100,,896,29,4,,0,170,,897,32,4,,0,200,,898,32,4,,0
301,'c_71839_b_86639_d_31',851,,900,29,4,,0,100,,905,29,4,,0,100,,901,29,4,,0,100,,906,29,4,,0,100,,902,29,4,,0,100,,907,29,4,,0,100,,899,29,4,,0,100,,903,29,4,,0,100,,910,29,4,,0,100,,904,29,4,,0,100,,911,29,4,,0,170,,908,32,4,,0,200,,909,32,4,,0
400,'c_71837_b_86637_d_96',845,,933,1,,,0,100,,921,1,,,0,100,,934,1,,,0,100,,922,1,,,0,100,,935,1,,,0,100,,923,1,,,0,100,,936,1,,,0,100,,924,1,,,0,100,,937,1,,,0,100,,925,1,,,0,200,,912,1,,,0,200,,913,1,,,0
400,'c_71839_b_86639_d_31',640,,966,1,,,0,105,,944,1,,,0,100,,942,1,,,0,100,,961,1,,,0,100,,957,1,,,0,100,,962,1,,,0,100,,958,1,,,0,100,,963,1,,,0,100,,959,1,,,0,100,,964,1,,,0,100,,960,1,,,0,100,,965,1,,,0,200,,940,1,,,0,200,,941,1,,,0
401,'c_71837_b_86637_d_96',750,,968,32,4,,0,170,,969,29,4,,0,100,,974,29,4,,0,100,,970,29,4,,0,100,,975,29,4,,0,100,,971,29,4,,0,100,,976,29,4,,0,100,,972,29,4,,0,100,,977,29,4,,0,100,,973,29,4,,0,100,,978,29,4,,0,100,,981,32,4,,0,200,,979,32,4,,0,200,,980,32,4,,0
401,'c_71839_b_86639_d_31',701,,982,29,4,,0,50,,985,29,4,,0,70,,983,29,4,,0,100,,984,29,4,,0,100,,991,29,4,,0,100,,986,29,4,,0,100,,992,29,4,,0,100,,987,29,4,,0,100,,993,29,4,,0,100,,988,29,4,,0,100,,994,29,4,,0,100,,989,29,4,,0,100,,995,29,4,,0,100,,990,32,4,,0,200,,996,32,4,,0,200,,997,32,4,,0
700,'c_71851_b_86665_d_31',1300,,999,1,,,0,400,,998,1,,,0
700,'c_71885_b_86774_d_31',1300,,1069,1,,,0,400,,1070,1,,,0
701,'c_71851_b_86665_d_31',718,,1001,21,4,,0
701,'c_71885_b_86774_d_31',718,,1071,21,4,,0
800,'c_71838_b_86640_d_96',830,,685,1,,,0,70,,673,1,,,0,30,,679,1,,,0,70,,686,1,,,0,30,,674,1,,,0,70,,680,1,,,0,30,,687,1,,,0,70,,675,1,,,0,30,,681,1,,,0,70,,688,1,,,0,30,,676,1,,,0,70,,682,1,,,0,30,,689,1,,,0,70,,677,1,,,0,30,,683,1,,,0,70,,690,1,,,0,30,,678,1,,,0,70,,684,1,,,0,30,,691,1,,,0
800,'c_71851_b_86665_d_31',730,,1014,1,,,0,70,,1015,1,,,0,30,,1030,1,,,0,70,,1023,1,,,0,30,,1031,1,,,0,70,,1019,1,,,0,30,,1016,1,,,0,70,,1032,1,,,0,30,,1020,1,,,0,70,,1017,1,,,0,30,,1033,1,,,0,100,,1018,1,,,0,70,,1034,1,,,0,30,,1040,1,,,0,70,,1038,1,,,0,30,,1037,1,,,0,70,,1035,1,,,0,30,,1039,1,,,0,100,,1036,1,,,0
800,'c_71885_b_86774_d_31',700,,1089,1,,,0,30,,1075,1,,,0,70,,1097,1,,,0,30,,1090,1,,,0,70,,1074,1,,,0,30,,1091,1,,,0,70,,1101,1,,,0,30,,1098,1,,,0,70,,1092,1,,,0,30,,1102,1,,,0,70,,1099,1,,,0,30,,1093,1,,,0,100,,1100,1,,,0,70,,1094,1,,,0,30,,1106,1,,,0,70,,1104,1,,,0,30,,1103,1,,,0,70,,1095,1,,,0,30,,1105,1,,,0,100,,1096,1,,,0
801,'c_71838_b_86640_d_96',810,,713,14,4,,0,100,,700,14,4,,0,30,,714,14,4,,0,70,,707,14,4,,0,30,,701,14,4,,0,70,,715,14,4,,0,30,,708,14,4,,0,70,,702,14,4,,0,30,,716,14,4,,0,70,,709,14,4,,0,30,,703,14,4,,0,70,,717,14,4,,0,30,,710,14,4,,0,70,,704,14,4,,0,30,,718,14,4,,0,70,,711,14,4,,0,30,,705,14,4,,0,70,,719,14,4,,0,30,,712,14,4,,0,70,,706,14,4,,0
801,'c_71851_b_86665_d_31',740,,1049,14,4,,0,70,,1047,14,4,,0,30,,1048,14,4,,0,70,,1050,14,4,,0,30,,1057,14,4,,0,70,,1054,14,4,,0,30,,1051,14,4,,0,70,,1058,14,4,,0,30,,1055,14,4,,0,70,,1052,14,4,,0,30,,1059,14,4,,0,70,,1056,14,4,,0,30,,1053,14,4,,0,70,,1060,14,4,,0,30,,1068,14,4,,0,70,,1063,14,4,,0,30,,1061,14,4,,0,70,,1066,14,4,,0,30,,1064,14,4,,0,70,,1062,14,4,,0,30,,1067,14,4,,0,70,,1065,14,4,,0
801,'c_71885_b_86774_d_31',740,,1117,14,4,,0,70,,1115,14,4,,0,30,,1116,14,4,,0,70,,1118,14,4,,0,30,,1125,14,4,,0,70,,1122,14,4,,0,30,,1119,14,4,,0,70,,1126,14,4,,0,30,,1123,14,4,,0,70,,1120,14,4,,0,30,,1127,14,4,,0,70,,1124,14,4,,0,30,,1121,14,4,,0,70,,1128,14,4,,0,30,,1136,14,4,,0,70,,1131,14,4,,0,30,,1129,14,4,,0,70,,1134,14,4,,0,30,,1132,14,4,,0,70,,1130,14,4,,0,30,,1135,14,4,,0,70,,1133,14,4,,0
901,'c_71851_b_86665_d_31',640,,1045,2,4,,0,90,,1046,2,4,,0
901,'c_71885_b_86774_d_31',640,,1139,2,4,,0,60,,1141,2,4,,0,30,,1140,2,4,,0
