101,'c_71594_b_85648_d_31',640,,142,16,,,0,70,,151,16,,,0,35,,134,16,,,0,70,,135,16,,,0,30,,133,16,,,0,70,,136,16,,,0,30,,123,16,,,0,70,,137,16,,,0,30,,125,16,,,0,70,,138,16,,,0,30,,126,16,,,0,70,,139,16,,,0,30,,127,16,,,0,70,,140,16,,,0,30,,128,16,,,0,70,,141,16,,,0,30,,129,16,,,0,70,,143,16,,,0,30,,130,16,,,0,70,,144,16,,,0,30,,131,16,,,0,70,,145,16,,,0,30,,132,16,,,0,70,,146,16,,,0,30,,124,16,,,0,100,,147,17,,,0,100,,148,17,,,0,100,,149,17,,,0,100,,150,17,,,0
101,'c_71596_b_85651_d_32',715,,152,16,,,0,100,,153,16,,,0,30,,168,16,,,0,70,,154,16,,,0,30,,171,16,,,0,70,,155,16,,,0,30,,172,16,,,0,70,,156,16,,,0,30,,173,16,,,0,70,,157,16,,,0,30,,174,16,,,0,70,,158,16,,,0,30,,175,16,,,0,70,,159,16,,,0,30,,176,16,,,0,70,,160,16,,,0,30,,177,16,,,0,70,,161,16,,,0,30,,178,16,,,0,70,,162,16,,,0,30,,169,16,,,0,70,,163,16,,,0,30,,170,16,,,0,100,,164,17,,,0,100,,165,17,,,0,100,,166,17,,,0,100,,167,17,,,0
101,'c_71597_b_85652_d_64',915,,188,16,,,0,30,,179,16,,,0,70,,189,16,,,0,30,,180,16,,,0,70,,190,16,,,0,30,,181,16,,,0,70,,191,16,,,0,30,,182,16,,,0,70,,192,16,,,0,30,,183,16,,,0,70,,193,16,,,0,30,,184,16,,,0,70,,194,16,,,0,30,,185,16,,,0,70,,195,16,,,0,30,,186,16,,,0,70,,196,16,,,0,30,,187,16,,,0
301,'c_71594_b_85648_d_31',844,,308,28,,,0,100,,313,28,,,0,100,,309,28,,,0,100,,314,28,,,0,100,,310,28,,,0,100,,315,28,,,0,100,,307,28,,,0,100,,311,28,,,0,100,,318,28,,,0,100,,312,28,,,0,100,,319,28,,,0,170,,316,28,0,16 13,0,200,,317,28,0,16 13,0
301,'c_71596_b_85651_d_32',844,,321,28,,,0,100,,324,28,,,0,100,,322,28,,,0,100,,325,28,,,0,100,,323,28,,,0,100,,326,28,,,0,100,,320,28,,,0,100,,327,28,,,0,100,,329,28,,,0,100,,328,28,,,0,100,,330,28,,,0,170,,331,28,,,0,200,,332,28,,,0
301,'c_71597_b_85652_d_64',944,,337,28,,,0,100,,333,28,,,0,100,,338,28,,,0,100,,334,28,,,0,100,,339,28,,,0,100,,335,28,,,0,100,,340,28,,,0,100,,336,28,,,0,100,,341,28,,,0
401,'c_71594_b_85648_d_31',654,,457,28,,,0,90,,460,28,,,0,70,,458,28,,,0,100,,459,28,,,0,100,,466,28,,,0,100,,461,28,,,0,100,,467,28,,,0,100,,462,28,,,0,100,,468,28,,,0,100,,463,28,,,0,100,,469,28,,,0,100,,464,28,,,0,100,,470,28,,,0,100,,465,28,0,16 13,0,200,,471,28,0,16 13,0,200,,472,28,0,16 13,0
401,'c_71596_b_85651_d_32',744,,473,28,0,16 13,0,170,,474,28,,,0,100,,479,28,,,0,100,,475,28,,,0,100,,480,28,,,0,100,,476,28,,,0,100,,481,28,,,0,100,,477,28,,,0,100,,482,28,,,0,100,,478,28,,,0,100,,483,28,,,0,100,,486,28,0,16 13,0,200,,484,28,0,16 13,0,200,,485,28,0,16 13,0
401,'c_71597_b_85652_d_64',1014,,492,28,,,0,100,,487,28,,,0,100,,493,28,,,0,100,,488,28,,,0,100,,494,28,,,0,100,,489,28,,,0,100,,495,28,,,0,100,,490,28,,,0,100,,491,28,0,16 13,0
701,'c_71595_b_85650_d_31',718,,524,20,,,0
801,'c_71595_b_85650_d_31',738,,581,13,,,0,70,,569,13,,,0,30,,580,13,,,0,70,,568,13,,,0,30,,571,13,,,0,70,,577,13,,,0,30,,582,13,,,0,70,,572,13,,,0,30,,578,13,,,0,70,,583,13,,,0,30,,573,13,,,0,70,,579,13,,,0,30,,584,13,,,0,70,,574,13,,,0,30,,570,13,,,0,70,,587,13,,,0,30,,575,13,,,0,70,,585,13,,,0,30,,588,13,,,0,70,,576,13,,,0,30,,586,13,,,0,70,,589,13,,,0
