400,'c_70888_b_none_d_31',609,,355,7,0,5,0,45,,342,7,0,5,0,70,,367,7,0,5,0,100,,344,7,0,5,0,100,,350,7,0,5,0,100,,345,7,0,5,0,100,,351,7,0,5,0,100,,346,7,0,5,0,100,,352,7,0,5,0,100,,347,7,0,5,0,100,,353,7,0,5,0,100,,348,7,0,5,0,100,,354,7,0,5,0,100,,349,7,0,5,0
400,'c_71594_b_85648_d_31',609,,373,8,0,5,0,45,,386,8,0,5,0,70,,397,8,0,5,0,100,,375,8,0,5,0,100,,381,8,0,5,0,100,,376,8,0,5,0,100,,382,8,0,5,0,100,,377,8,0,5,0,100,,383,8,0,5,0,100,,378,8,0,5,0,100,,384,8,0,5,0,100,,379,8,0,5,0,100,,385,8,0,5,0,100,,380,8,0,5,0,200,,368,8,0,5,0,200,,369,8,0,5,0
400,'c_71596_b_85651_d_32',654,,400,7,0,5,0,170,,401,7,0,5,0,100,,407,7,0,5,0,100,,402,7,0,5,0,100,,408,7,0,5,0,100,,403,7,0,5,0,100,,409,7,0,5,0,100,,404,7,0,5,0,100,,410,7,0,5,0,100,,405,7,0,5,0,100,,411,7,0,5,0,100,,406,7,0,5,0,200,,412,7,0,5,0,200,,413,7,0,5,0
400,'c_71597_b_85652_d_64',924,,438,7,0,5,0,100,,433,7,0,5,0,100,,439,7,0,5,0,100,,434,7,0,5,0,100,,440,7,0,5,0,100,,435,7,0,5,0,100,,441,7,0,5,0,100,,436,7,0,5,0,100,,442,7,0,5,0,100,,437,7,0,5,0
21290000,'c_70811_b_85661_d_14',827,,598,9,,,0,30,,599,9,,,0
21290000,'c_70811_b_85661_d_31',927,,600,9,,,0,30,,610,9,,,0,70,,611,9,,,0,30,,612,9,,,0,70,,613,9,,,0,30,,614,9,,,0,70,,615,9,,,0,30,,616,9,,,0,70,,617,9,,,0,30,,601,9,,,0,70,,602,9,,,0,30,,603,9,,,0,70,,604,9,,,0,30,,605,9,,,0,70,,606,9,,,0,30,,607,9,,,0,70,,608,9,,,0,30,,609,9,,,0
21290000,'c_70811_b_85661_d_4',1827,,618,9,,,0,30,,619,9,,,0,70,,620,9,,,0,30,,621,9,,,0,70,,622,9,,,0,30,,623,9,,,0
21290000,'c_70811_b_85661_d_8',757,,628,9,,,0,1070,,624,9,,,0,30,,625,9,,,0,70,,626,9,,,0,30,,627,9,,,0
21290000,'c_70811_b_85662_d_14',827,,629,9,,,0,30,,630,9,,,0
21290000,'c_70811_b_85662_d_31',927,,631,9,,,0,30,,641,9,,,0,70,,642,9,,,0,30,,643,9,,,0,70,,644,9,,,0,30,,645,9,,,0,70,,646,9,,,0,30,,647,9,,,0,70,,648,9,,,0,30,,632,9,,,0,70,,633,9,,,0,30,,634,9,,,0,70,,635,9,,,0,30,,636,9,,,0,70,,637,9,,,0,30,,638,9,,,0,70,,639,9,,,0,30,,640,9,,,0
21290000,'c_70811_b_85662_d_4',1827,,649,9,,,0,30,,650,9,,,0,70,,651,9,,,0,30,,652,9,,,0,70,,653,9,,,0,30,,654,9,,,0
21290000,'c_70811_b_85662_d_8',757,,659,9,,,0,1070,,655,9,,,0,30,,656,9,,,0,70,,657,9,,,0,30,,658,9,,,0
21290000,'c_70811_b_85663_d_14',827,,660,9,,,0,30,,661,9,,,0
21290000,'c_70811_b_85663_d_31',927,,662,9,,,0,30,,672,9,,,0,70,,673,9,,,0,30,,674,9,,,0,70,,675,9,,,0,30,,676,9,,,0,70,,677,9,,,0,30,,678,9,,,0,70,,679,9,,,0,30,,663,9,,,0,70,,664,9,,,0,30,,665,9,,,0,70,,666,9,,,0,30,,667,9,,,0,70,,668,9,,,0,30,,669,9,,,0,70,,670,9,,,0,30,,671,9,,,0
21290000,'c_70811_b_85663_d_4',1827,,680,9,,,0,30,,681,9,,,0,70,,682,9,,,0,30,,683,9,,,0,70,,684,9,,,0,30,,685,9,,,0
21290000,'c_70811_b_85663_d_8',757,,690,9,,,0,1070,,686,9,,,0,30,,687,9,,,0,70,,688,9,,,0,30,,689,9,,,0
