100,'c_71837_b_86637_d_96',748,,724,3,,,0,100,,735,3,,,0,70,,725,3,,,0,30,,736,3,,,0,70,,727,3,,,0,30,,737,3,,,0,70,,728,3,,,0,30,,738,3,,,0,70,,729,3,,,0,30,,739,3,,,0,70,,730,3,,,0,30,,740,3,,,0,70,,731,3,,,0,30,,720,3,,,0,70,,732,3,,,0,30,,721,3,,,0,70,,733,3,,,0,30,,722,3,,,0,70,,734,3,,,0,30,,723,3,,,0,70,,726,3,,,0,100,,741,3,,,0,100,,742,3,,,0,100,,743,3,,,0,100,,744,3,,,0,100,,745,3,,,0
100,'c_71839_b_86639_d_31',718,,772,3,,,0,30,,746,3,,,0,70,,773,3,,,0,30,,747,3,,,0,70,,757,3,,,0,30,,748,3,,,0,70,,759,3,,,0,30,,749,3,,,0,70,,760,3,,,0,30,,750,3,,,0,70,,761,3,,,0,30,,751,3,,,0,70,,762,3,,,0,30,,752,3,,,0,70,,763,3,,,0,30,,753,3,,,0,70,,764,3,,,0,30,,754,3,,,0,70,,765,3,,,0,30,,755,3,,,0,70,,766,3,,,0,30,,756,3,,,0,70,,758,3,,,0,100,,767,3,,,0,100,,768,3,,,0,100,,769,3,,,0,100,,770,3,,,0,100,,771,3,,,0
300,'c_71837_b_86637_d_96',716,,848,3,,,0,100,,845,3,,,0,100,,849,3,,,0,100,,846,3,,,0,100,,850,3,,,0,100,,847,3,,,0,100,,851,3,,,0,100,,833,3,,,0,100,,852,3,,,0,100,,834,3,,,0,100,,853,3,,,0,130,,830,3,,,0,200,,831,3,,,0,200,,832,3,,,0
300,'c_71839_b_86639_d_31',711,,865,3,,,0,105,,866,3,,,0,100,,869,3,,,0,100,,867,3,,,0,100,,870,3,,,0,100,,868,3,,,0,100,,871,3,,,0,100,,860,3,,,0,100,,858,3,,,0,100,,861,3,,,0,100,,859,3,,,0,130,,862,3,,,0,200,,863,3,,,0,200,,864,3,,,0
400,'c_71837_b_86637_d_96',846,,933,3,,,0,100,,921,3,,,0,100,,934,3,,,0,100,,922,3,,,0,100,,935,3,,,0,100,,923,3,,,0,100,,936,3,,,0,100,,924,3,,,0,100,,937,3,,,0,100,,925,3,,,0,200,,912,3,,,0,200,,913,3,,,0
400,'c_71839_b_86639_d_31',641,,966,3,,,0,105,,944,3,,,0,100,,942,3,,,0,100,,961,3,,,0,100,,957,3,,,0,100,,962,3,,,0,100,,958,3,,,0,100,,963,3,,,0,100,,959,3,,,0,100,,964,3,,,0,100,,960,3,,,0,100,,965,3,,,0,200,,940,3,,,0,200,,941,3,,,0
700,'c_71851_b_86665_d_31',1301,,999,3,,,0,400,,998,3,,,0
700,'c_71885_b_86774_d_31',1301,,1069,3,,,0,400,,1070,3,,,0
800,'c_71838_b_86640_d_96',831,,685,3,,,0,70,,673,3,,,0,30,,679,3,,,0,70,,686,3,,,0,30,,674,3,,,0,70,,680,3,,,0,30,,687,3,,,0,70,,675,3,,,0,30,,681,3,,,0,70,,688,3,,,0,30,,676,3,,,0,70,,682,3,,,0,30,,689,3,,,0,70,,677,3,,,0,30,,683,3,,,0,70,,690,3,,,0,30,,678,3,,,0,70,,684,3,,,0,30,,691,3,,,0
800,'c_71851_b_86665_d_31',731,,1014,3,,,0,70,,1015,3,,,0,30,,1030,3,,,0,70,,1023,3,,,0,30,,1031,3,,,0,70,,1019,3,,,0,30,,1016,3,,,0,70,,1032,3,,,0,30,,1020,3,,,0,70,,1017,3,,,0,30,,1033,3,,,0,100,,1018,3,,,0,70,,1034,3,,,0,30,,1040,3,,,0,70,,1038,3,,,0,30,,1037,3,,,0,70,,1035,3,,,0,30,,1039,3,,,0,100,,1036,3,,,0
800,'c_71885_b_86774_d_31',701,,1089,3,,,0,30,,1075,3,,,0,70,,1097,3,,,0,30,,1090,3,,,0,70,,1074,3,,,0,30,,1091,3,,,0,70,,1101,3,,,0,30,,1098,3,,,0,70,,1092,3,,,0,30,,1102,3,,,0,70,,1099,3,,,0,30,,1093,3,,,0,100,,1100,3,,,0,70,,1094,3,,,0,30,,1106,3,,,0,70,,1104,3,,,0,30,,1103,3,,,0,70,,1095,3,,,0,30,,1105,3,,,0,100,,1096,3,,,0
