101,'c_71594_b_85648_d_31',639,,142,14,,,0,70,,151,14,,,0,35,,134,14,,,0,70,,135,14,,,0,30,,133,14,,,0,70,,136,14,,,0,30,,123,14,,,0,70,,137,14,,,0,30,,125,14,,,0,70,,138,14,,,0,30,,126,14,,,0,70,,139,14,,,0,30,,127,14,,,0,70,,140,14,,,0,30,,128,14,,,0,70,,141,14,,,0,30,,129,14,,,0,70,,143,14,,,0,30,,130,14,,,0,70,,144,14,,,0,30,,131,14,,,0,70,,145,14,,,0,30,,132,14,,,0,70,,146,14,,,0,30,,124,14,,,0,100,,147,15,,,0,100,,148,15,,,0,100,,149,15,,,0,100,,150,15,,,0
101,'c_71596_b_85651_d_32',714,,152,14,,,0,100,,153,14,,,0,30,,168,14,,,0,70,,154,14,,,0,30,,171,14,,,0,70,,155,14,,,0,30,,172,14,,,0,70,,156,14,,,0,30,,173,14,,,0,70,,157,14,,,0,30,,174,14,,,0,70,,158,14,,,0,30,,175,14,,,0,70,,159,14,,,0,30,,176,14,,,0,70,,160,14,,,0,30,,177,14,,,0,70,,161,14,,,0,30,,178,14,,,0,70,,162,14,,,0,30,,169,14,,,0,70,,163,14,,,0,30,,170,14,,,0,100,,164,15,,,0,100,,165,15,,,0,100,,166,15,,,0,100,,167,15,,,0
101,'c_71597_b_85652_d_64',914,,188,14,,,0,30,,179,14,,,0,70,,189,14,,,0,30,,180,14,,,0,70,,190,14,,,0,30,,181,14,,,0,70,,191,14,,,0,30,,182,14,,,0,70,,192,14,,,0,30,,183,14,,,0,70,,193,14,,,0,30,,184,14,,,0,70,,194,14,,,0,30,,185,14,,,0,70,,195,14,,,0,30,,186,14,,,0,70,,196,14,,,0,30,,187,14,,,0
301,'c_71594_b_85648_d_31',843,,308,26,,,0,100,,313,26,,,0,100,,309,26,,,0,100,,314,26,,,0,100,,310,26,,,0,100,,315,26,,,0,100,,307,26,,,0,100,,311,26,,,0,100,,318,26,,,0,100,,312,26,,,0,100,,319,26,,,0,170,,316,26,0,16 13,0,200,,317,26,0,16 13,0
301,'c_71596_b_85651_d_32',843,,321,26,,,0,100,,324,26,,,0,100,,322,26,,,0,100,,325,26,,,0,100,,323,26,,,0,100,,326,26,,,0,100,,320,26,,,0,100,,327,26,,,0,100,,329,26,,,0,100,,328,26,,,0,100,,330,26,,,0,170,,331,26,,,0,200,,332,26,,,0
301,'c_71597_b_85652_d_64',943,,337,26,,,0,100,,333,26,,,0,100,,338,26,,,0,100,,334,26,,,0,100,,339,26,,,0,100,,335,26,,,0,100,,340,26,,,0,100,,336,26,,,0,100,,341,26,,,0
401,'c_71594_b_85648_d_31',653,,457,26,,,0,90,,460,26,,,0,70,,458,26,,,0,100,,459,26,,,0,100,,466,26,,,0,100,,461,26,,,0,100,,467,26,,,0,100,,462,26,,,0,100,,468,26,,,0,100,,463,26,,,0,100,,469,26,,,0,100,,464,26,,,0,100,,470,26,,,0,100,,465,26,0,16 13,0,200,,471,26,0,16 13,0,200,,472,26,0,16 13,0
401,'c_71596_b_85651_d_32',743,,473,26,0,16 13,0,170,,474,26,,,0,100,,479,26,,,0,100,,475,26,,,0,100,,480,26,,,0,100,,476,26,,,0,100,,481,26,,,0,100,,477,26,,,0,100,,482,26,,,0,100,,478,26,,,0,100,,483,26,,,0,100,,486,26,0,16 13,0,200,,484,26,0,16 13,0,200,,485,26,0,16 13,0
401,'c_71597_b_85652_d_64',1013,,492,26,,,0,100,,487,26,,,0,100,,493,26,,,0,100,,488,26,,,0,100,,494,26,,,0,100,,489,26,,,0,100,,495,26,,,0,100,,490,26,,,0,100,,491,26,0,16 13,0
701,'c_71595_b_85650_d_31',715,,524,18,,,0
801,'c_71595_b_85650_d_31',735,,581,11,,,0,70,,569,11,,,0,30,,580,11,,,0,70,,568,11,,,0,30,,571,11,,,0,70,,577,11,,,0,30,,582,11,,,0,70,,572,11,,,0,30,,578,11,,,0,70,,583,11,,,0,30,,573,11,,,0,70,,579,11,,,0,30,,584,11,,,0,70,,574,11,,,0,30,,570,11,,,0,70,,587,11,,,0,30,,575,11,,,0,70,,585,11,,,0,30,,588,11,,,0,70,,576,11,,,0,30,,586,11,,,0,70,,589,11,,,0
