301,'c_70888_b_none_d_31',822,,297,6,,,0,100,,302,6,,,0,100,,298,6,,,0,100,,303,6,,,0,100,,299,6,,,0,100,,304,6,,,0,100,,296,6,,,0,100,,300,6,,,0,100,,305,6,,,0,100,,301,6,,,0,100,,306,6,,,0
301,'c_71594_b_85648_d_31',822,,308,6,,,0,100,,313,6,,,0,100,,309,6,,,0,100,,314,6,,,0,100,,310,6,,,0,100,,315,6,,,0,100,,307,6,,,0,100,,311,6,,,0,100,,318,6,,,0,100,,312,6,,,0,100,,319,6,,,0,130,,316,6,0,16 13,0,200,,317,6,0,16 13,0
301,'c_71596_b_85651_d_32',822,,321,6,,,0,100,,324,6,,,0,100,,322,6,,,0,100,,325,6,,,0,100,,323,6,,,0,100,,326,6,,,0,100,,320,6,,,0,100,,327,6,,,0,100,,329,6,,,0,100,,328,6,,,0,100,,330,6,,,0,130,,331,6,,,0,200,,332,6,,,0
301,'c_71597_b_85652_d_64',922,,337,6,,,0,100,,333,6,,,0,100,,338,6,,,0,100,,334,6,,,0,100,,339,6,,,0,100,,335,6,,,0,100,,340,6,,,0,100,,336,6,,,0,100,,341,6,,,0
401,'c_70888_b_none_d_31',632,,443,6,,,0,90,,446,6,,,0,30,,444,6,,,0,100,,445,6,,,0,100,,452,6,,,0,100,,447,6,,,0,100,,453,6,,,0,100,,448,6,,,0,100,,454,6,,,0,100,,449,6,,,0,100,,455,6,,,0,100,,450,6,,,0,100,,456,6,,,0,100,,451,6,0,16 13,0
401,'c_71594_b_85648_d_31',632,,457,6,,,0,90,,460,6,,,0,30,,458,6,,,0,100,,459,6,,,0,100,,466,6,,,0,100,,461,6,,,0,100,,467,6,,,0,100,,462,6,,,0,100,,468,6,,,0,100,,463,6,,,0,100,,469,6,,,0,100,,464,6,,,0,100,,470,6,,,0,100,,465,6,0,16 13,0,200,,471,6,0,16 13,0,200,,472,6,0,16 13,0
401,'c_71596_b_85651_d_32',722,,473,6,0,16 13,0,130,,474,6,,,0,100,,479,6,,,0,100,,475,6,,,0,100,,480,6,,,0,100,,476,6,,,0,100,,481,6,,,0,100,,477,6,,,0,100,,482,6,,,0,100,,478,6,,,0,100,,483,6,,,0,100,,486,6,0,16 13,0,200,,484,6,0,16 13,0,200,,485,6,0,16 13,0
401,'c_71597_b_85652_d_64',952,,492,6,,,0,100,,487,6,,,0,100,,493,6,,,0,100,,488,6,,,0,100,,494,6,,,0,100,,489,6,,,0,100,,495,6,,,0,100,,490,6,,,0,100,,491,6,0,16 13,0
701,'c_71595_b_85650_d_31',652,,524,6,,,0
801,'c_71595_b_85650_d_31',720,,581,2,,,0,30,,569,2,,,0,70,,580,2,,,0,30,,568,2,,,0,70,,571,2,,,0,30,,577,2,,,0,70,,582,2,,,0,30,,572,2,,,0,70,,578,2,,,0,30,,583,2,,,0,70,,573,2,,,0,30,,579,2,,,0,70,,584,2,,,0,30,,574,2,,,0,70,,570,2,,,0,30,,587,2,,,0,70,,575,2,,,0,30,,585,2,,,0,70,,588,2,,,0,30,,576,2,,,0,70,,586,2,,,0,30,,589,2,,,0
