301,'c_70888_b_none_d_31',824,,297,9,,,0,100,,302,9,,,0,100,,298,9,,,0,100,,303,9,,,0,100,,299,9,,,0,100,,304,9,,,0,100,,296,9,,,0,100,,300,9,,,0,100,,305,9,,,0,100,,301,9,,,0,100,,306,9,,,0
301,'c_71594_b_85648_d_31',824,,308,9,,,0,100,,313,9,,,0,100,,309,9,,,0,100,,314,9,,,0,100,,310,9,,,0,100,,315,9,,,0,100,,307,9,,,0,100,,311,9,,,0,100,,318,9,,,0,100,,312,9,,,0,100,,319,9,,,0,130,,316,9,0,5 1 12 13,0,200,,317,9,0,5 1 12 13,0
301,'c_71596_b_85651_d_32',824,,321,9,,,0,100,,324,9,,,0,100,,322,9,,,0,100,,325,9,,,0,100,,323,9,,,0,100,,326,9,,,0,100,,320,9,,,0,100,,327,9,,,0,100,,329,9,,,0,100,,328,9,,,0,100,,330,9,,,0,130,,331,9,,,0,200,,332,9,,,0
301,'c_71597_b_85652_d_64',924,,337,9,,,0,100,,333,9,,,0,100,,338,9,,,0,100,,334,9,,,0,100,,339,9,,,0,100,,335,9,,,0,100,,340,9,,,0,100,,336,9,,,0,100,,341,9,,,0
401,'c_70888_b_none_d_31',634,,443,9,,,0,90,,446,9,,,0,30,,444,9,,,0,100,,445,9,,,0,100,,452,9,,,0,100,,447,9,,,0,100,,453,9,,,0,100,,448,9,,,0,100,,454,9,,,0,100,,449,9,,,0,100,,455,9,,,0,100,,450,9,,,0,100,,456,9,,,0,100,,451,9,0,5 1 12 13,0
401,'c_71594_b_85648_d_31',634,,457,9,,,0,90,,460,9,,,0,30,,458,9,,,0,100,,459,9,,,0,100,,466,9,,,0,100,,461,9,,,0,100,,467,9,,,0,100,,462,9,,,0,100,,468,9,,,0,100,,463,9,,,0,100,,469,9,,,0,100,,464,9,,,0,100,,470,9,,,0,100,,465,9,0,5 1 12 13,0,200,,471,9,0,5 1 12 13,0,200,,472,9,0,5 1 12 13,0
401,'c_71596_b_85651_d_32',724,,473,9,0,5 1 12 13,0,130,,474,9,,,0,100,,479,9,,,0,100,,475,9,,,0,100,,480,9,,,0,100,,476,9,,,0,100,,481,9,,,0,100,,477,9,,,0,100,,482,9,,,0,100,,478,9,,,0,100,,483,9,,,0,100,,486,9,0,5 1 12 13,0,200,,484,9,0,5 1 12 13,0,200,,485,9,0,5 1 12 13,0
401,'c_71597_b_85652_d_64',954,,492,9,,,0,100,,487,9,,,0,100,,493,9,,,0,100,,488,9,,,0,100,,494,9,,,0,100,,489,9,,,0,100,,495,9,,,0,100,,490,9,,,0,100,,491,9,0,5 1 12 13,0
701,'c_71595_b_85650_d_31',656,,524,9,,,0
801,'c_71595_b_85650_d_31',722,,581,5,,,0,30,,569,5,,,0,70,,580,5,,,0,30,,568,5,,,0,70,,571,5,,,0,30,,577,5,,,0,70,,582,5,,,0,30,,572,5,,,0,70,,578,5,,,0,30,,583,5,,,0,70,,573,5,,,0,30,,579,5,,,0,70,,584,5,,,0,30,,574,5,,,0,70,,570,5,,,0,30,,587,5,,,0,70,,575,5,,,0,30,,585,5,,,0,70,,588,5,,,0,30,,576,5,,,0,70,,586,5,,,0,30,,589,5,,,0
