100,300,1,0
100,401,2,0
100,402,3,0
100,496,4,0
100,403,5,0
100,404,6,0
100,405,7,0
100,516,8,0
100,517,9,0
100,518,10,0
100,519,11,0
100,520,12,0
100,521,13,0
100,522,14,0
100,523,15,0
100,524,16,0
100,525,17,0
100,526,18,0
100,527,19,0
100,528,20,0
100,547,21,1
101,547,1,0
101,529,2,0
101,530,3,0
101,531,4,0
101,532,5,0
101,533,6,0
101,534,7,0
101,535,8,0
101,536,9,0
101,537,10,0
101,538,11,0
101,518,12,0
101,539,13,0
101,540,14,0
101,494,15,0
101,495,16,0
101,496,17,0
101,497,18,0
101,498,19,0
101,499,20,0
101,300,21,1
300,300,1,0
300,401,2,0
300,402,3,0
300,496,4,0
300,540,5,0
300,406,6,0
300,407,7,0
300,408,8,0
300,545,9,0
300,409,10,0
300,410,11,0
300,411,12,0
300,412,13,0
300,413,14,0
300,414,15,0
300,415,16,0
300,416,17,0
300,417,18,0
300,418,19,0
300,546,20,0
300,423,21,0
300,424,22,0
300,425,23,0
300,426,24,0
300,427,25,0
300,578,26,0
300,428,27,0
300,429,28,0
300,430,29,0
300,603,30,0
300,432,31,0
300,433,32,0
300,434,33,0
300,435,34,0
300,436,35,0
300,437,36,0
300,438,37,0
300,439,38,0
300,440,39,0
300,441,40,0
300,442,41,0
300,443,42,0
300,444,43,0
300,445,44,0
300,446,45,0
300,447,46,0
300,449,47,0
300,448,48,0
300,450,49,0
300,451,50,0
300,452,51,0
300,602,52,1
300,604,53,1
301,604,1,0
301,478,2,0
301,453,3,0
301,454,4,0
301,577,5,0
301,479,6,0
301,480,7,0
301,481,8,0
301,482,9,0
301,483,10,0
301,560,11,0
301,484,12,0
301,485,13,0
301,486,14,0
301,415,15,0
301,487,16,0
301,488,17,0
301,489,18,0
301,409,19,0
301,410,20,0
301,411,21,0
301,490,22,0
301,491,23,0
301,492,24,0
301,493,25,0
301,516,26,0
301,495,27,0
301,496,28,0
301,497,29,0
301,498,30,0
301,499,31,0
301,300,32,1
400,300,1,0
400,401,2,0
400,402,3,0
400,496,4,0
400,540,5,0
400,406,6,0
400,407,7,0
400,408,8,0
400,545,9,0
400,409,10,0
400,410,11,0
400,411,12,0
400,412,13,0
400,413,14,0
400,414,15,0
400,415,16,0
400,416,17,0
400,417,18,0
400,418,19,0
400,546,20,0
400,423,21,0
400,424,22,0
400,425,23,0
400,426,24,0
400,427,25,0
400,578,26,0
400,428,27,0
400,429,28,0
400,430,29,0
400,603,30,0
400,602,31,1
400,573,32,0
400,455,33,0
400,456,34,0
400,457,35,0
400,459,36,0
400,460,37,0
400,461,38,0
400,462,39,0
400,463,40,0
400,464,41,0
400,465,42,0
400,466,43,0
400,467,44,0
400,468,45,0
400,469,46,0
400,470,47,0
400,471,48,0
400,472,49,0
400,473,50,0
400,474,51,0
400,475,52,0
400,476,53,0
400,604,54,1
401,604,1,0
401,478,2,0
401,453,3,0
401,454,4,0
401,577,5,0
401,479,6,0
401,480,7,0
401,481,8,0
401,482,9,0
401,483,10,0
401,560,11,0
401,484,12,0
401,485,13,0
401,486,14,0
401,415,15,0
401,487,16,0
401,488,17,0
401,489,18,0
401,409,19,0
401,410,20,0
401,411,21,0
401,490,22,0
401,491,23,0
401,492,24,0
401,493,25,0
401,516,26,0
401,495,27,0
401,496,28,0
401,497,29,0
401,498,30,0
401,499,31,0
401,300,32,1
700,300,1,0
700,401,2,0
700,402,3,0
700,403,4,0
700,417,5,0
700,418,6,0
700,419,7,0
700,420,8,0
700,421,9,0
700,546,10,0
700,423,11,0
700,424,12,0
700,425,13,0
700,426,14,0
700,427,15,0
700,601,16,1
701,605,1,0
701,478,2,0
701,453,3,0
701,454,4,0
701,577,5,0
701,479,6,0
701,480,7,0
701,481,8,0
701,482,9,0
701,483,10,0
701,560,11,0
701,419,12,0
701,420,13,0
701,421,14,0
701,484,15,0
701,485,16,0
701,540,17,0
701,495,18,0
701,496,19,0
701,300,20,1
800,300,1,0
800,401,2,0
800,402,3,0
800,403,4,0
800,417,5,0
800,418,6,0
800,546,7,0
800,423,8,0
800,424,9,0
800,425,10,0
800,426,11,0
800,427,12,0
800,603,13,0
800,432,14,0
800,433,15,0
800,434,16,0
800,435,17,0
800,436,18,0
800,437,19,0
800,438,20,0
800,439,21,0
800,440,22,0
800,582,23,0
800,583,24,0
800,584,25,0
800,585,26,0
800,586,27,0
800,561,28,0
800,510,29,0
800,511,30,0
800,512,31,0
800,602,32,1
800,605,33,1
801,605,1,0
801,479,2,0
801,480,3,0
801,481,4,0
801,482,5,0
801,483,6,0
801,560,7,0
801,484,8,0
801,485,9,0
801,540,10,0
801,495,11,0
801,496,12,0
801,300,13,1
900,300,1,0
900,401,2,0
900,402,3,0
900,403,4,0
900,404,5,0
900,601,6,1
900,602,7,0
900,432,8,0
900,433,9,0
900,434,10,0
900,435,11,0
900,436,12,0
900,437,13,0
900,438,14,0
900,439,15,0
900,440,16,0
900,582,17,0
900,583,18,0
900,584,19,0
900,585,20,0
900,586,21,0
900,561,22,0
900,510,23,0
900,511,24,0
900,512,25,0
900,603,26,1
901,602,1,0
901,300,2,1
