301,'c_70888_b_none_d_31',815,,297,2,,,0,100,,302,2,,,0,100,,298,2,,,0,100,,303,2,,,0,100,,299,2,,,0,100,,304,2,,,0,100,,296,2,,,0,100,,300,2,,,0,100,,305,2,,,0,100,,301,2,,,0,100,,306,2,,,0
301,'c_71594_b_85648_d_31',815,,308,2,,,0,100,,313,2,,,0,100,,309,2,,,0,100,,314,2,,,0,100,,310,2,,,0,100,,315,2,,,0,100,,307,2,,,0,100,,311,2,,,0,100,,318,2,,,0,100,,312,2,,,0,100,,319,2,,,0,130,,316,2,0,5 1 12 13,0,200,,317,2,0,5 1 12 13,0
301,'c_71596_b_85651_d_32',815,,321,2,,,0,100,,324,2,,,0,100,,322,2,,,0,100,,325,2,,,0,100,,323,2,,,0,100,,326,2,,,0,100,,320,2,,,0,100,,327,2,,,0,100,,329,2,,,0,100,,328,2,,,0,100,,330,2,,,0,130,,331,2,,,0,200,,332,2,,,0
301,'c_71597_b_85652_d_64',915,,337,2,,,0,100,,333,2,,,0,100,,338,2,,,0,100,,334,2,,,0,100,,339,2,,,0,100,,335,2,,,0,100,,340,2,,,0,100,,336,2,,,0,100,,341,2,,,0
401,'c_70888_b_none_d_31',625,,443,2,,,0,90,,446,2,,,0,30,,444,2,,,0,100,,445,2,,,0,100,,452,2,,,0,100,,447,2,,,0,100,,453,2,,,0,100,,448,2,,,0,100,,454,2,,,0,100,,449,2,,,0,100,,455,2,,,0,100,,450,2,,,0,100,,456,2,,,0,100,,451,2,0,5 1 12 13,0
401,'c_71594_b_85648_d_31',625,,457,2,,,0,90,,460,2,,,0,30,,458,2,,,0,100,,459,2,,,0,100,,466,2,,,0,100,,461,2,,,0,100,,467,2,,,0,100,,462,2,,,0,100,,468,2,,,0,100,,463,2,,,0,100,,469,2,,,0,100,,464,2,,,0,100,,470,2,,,0,100,,465,2,0,5 1 12 13,0,200,,471,2,0,5 1 12 13,0,200,,472,2,0,5 1 12 13,0
401,'c_71596_b_85651_d_32',715,,473,2,0,5 1 12 13,0,130,,474,2,,,0,100,,479,2,,,0,100,,475,2,,,0,100,,480,2,,,0,100,,476,2,,,0,100,,481,2,,,0,100,,477,2,,,0,100,,482,2,,,0,100,,478,2,,,0,100,,483,2,,,0,100,,486,2,0,5 1 12 13,0,200,,484,2,0,5 1 12 13,0,200,,485,2,0,5 1 12 13,0
401,'c_71597_b_85652_d_64',945,,492,2,,,0,100,,487,2,,,0,100,,493,2,,,0,100,,488,2,,,0,100,,494,2,,,0,100,,489,2,,,0,100,,495,2,,,0,100,,490,2,,,0,100,,491,2,0,5 1 12 13,0
600,'c_71027_b_85660_d_31',726,,504,2,,,0,30,,505,2,,,0,70,,506,2,,,0,30,,507,2,,,0,70,,508,2,,,0,500,,496,2,,,0,30,,497,2,,,0,70,,498,2,,,0,30,,499,2,,,0,70,,500,2,,,0,30,,501,2,,,0,70,,502,2,,,0,30,,503,2,,,0
701,'c_71595_b_85650_d_31',645,,524,2,,,0
