300,'c_70888_b_none_d_31',721,,202,13,,,0,105,,203,13,,,0,100,,206,13,,,0,100,,204,13,,,0,100,,207,13,,,0,100,,205,13,,,0,100,,208,13,,,0,100,,199,13,,,0,100,,197,13,,,0,100,,200,13,,,0,100,,198,13,,,0,130,,201,13,,,0
300,'c_71594_b_85648_d_31',721,,228,13,,,0,105,,229,13,,,0,100,,232,13,,,0,100,,230,13,,,0,100,,233,13,,,0,100,,231,13,,,0,100,,234,13,,,0,100,,223,13,,,0,100,,221,13,,,0,100,,224,13,,,0,100,,222,13,,,0,130,,225,13,,,0,200,,226,13,,,0,200,,227,13,,,0
300,'c_71596_b_85651_d_32',726,,271,13,,,0,100,,268,13,,,0,100,,272,13,,,0,100,,269,13,,,0,100,,273,13,,,0,100,,270,13,,,0,100,,274,13,,,0,100,,252,13,,,0,100,,275,13,,,0,100,,253,13,,,0,100,,276,13,,,0,130,,249,13,,,0,200,,250,13,,,0,200,,251,13,,,0
300,'c_71597_b_85652_d_64',926,,281,13,,,0,100,,277,13,,,0,100,,282,13,,,0,100,,278,13,,,0,100,,283,13,,,0,100,,279,13,,,0,100,,284,13,,,0,100,,280,13,,,0,100,,285,13,,,0
301,'c_70888_b_none_d_31',837,,297,21,,,0,100,,302,21,,,0,100,,298,21,,,0,100,,303,21,,,0,100,,299,21,,,0,100,,304,21,,,0,100,,296,21,,,0,100,,300,21,,,0,100,,305,21,,,0,100,,301,21,,,0,100,,306,21,,,0
301,'c_71594_b_85648_d_31',837,,308,21,,,0,100,,313,21,,,0,100,,309,21,,,0,100,,314,21,,,0,100,,310,21,,,0,100,,315,21,,,0,100,,307,21,,,0,100,,311,21,,,0,100,,318,21,,,0,100,,312,21,,,0,100,,319,21,,,0,170,,316,21,0,16 13,0,200,,317,21,0,16 13,0
301,'c_71596_b_85651_d_32',837,,321,21,,,0,100,,324,21,,,0,100,,322,21,,,0,100,,325,21,,,0,100,,323,21,,,0,100,,326,21,,,0,100,,320,21,,,0,100,,327,21,,,0,100,,329,21,,,0,100,,328,21,,,0,100,,330,21,,,0,170,,331,21,,,0,200,,332,21,,,0
301,'c_71597_b_85652_d_64',937,,337,21,,,0,100,,333,21,,,0,100,,338,21,,,0,100,,334,21,,,0,100,,339,21,,,0,100,,335,21,,,0,100,,340,21,,,0,100,,336,21,,,0,100,,341,21,,,0
400,'c_70888_b_none_d_31',653,,343,13,,,0,105,,356,13,,,0,100,,361,13,,,0,100,,362,13,,,0,100,,357,13,,,0,100,,363,13,,,0,100,,358,13,,,0,100,,364,13,,,0,100,,359,13,,,0,100,,365,13,,,0,100,,360,13,,,0,100,,366,13,,,0
400,'c_71594_b_85648_d_31',651,,396,13,,,0,107,,374,13,,,0,100,,372,13,,,0,98,,391,13,,,0,100,,387,13,,,0,100,,392,13,,,0,100,,388,13,,,0,100,,393,13,,,0,100,,389,13,,,0,100,,394,13,,,0,100,,390,13,,,0,100,,395,13,,,0,200,,370,13,,,0,200,,371,13,,,0
400,'c_71596_b_85651_d_32',856,,419,13,,,0,100,,414,13,,,0,100,,420,13,,,0,100,,415,13,,,0,100,,421,13,,,0,100,,416,13,,,0,100,,422,13,,,0,100,,417,13,,,0,100,,423,13,,,0,100,,418,13,,,0,200,,398,13,,,0,200,,399,13,,,0
400,'c_71597_b_85652_d_64',956,,428,13,,,0,100,,424,13,,,0,100,,429,13,,,0,100,,425,13,,,0,100,,430,13,,,0,100,,426,13,,,0,100,,431,13,,,0,100,,427,13,,,0,100,,432,13,,,0
401,'c_70888_b_none_d_31',647,,443,21,,,0,90,,446,21,,,0,70,,444,21,,,0,100,,445,21,,,0,100,,452,21,,,0,100,,447,21,,,0,100,,453,21,,,0,100,,448,21,,,0,100,,454,21,,,0,100,,449,21,,,0,100,,455,21,,,0,100,,450,21,,,0,100,,456,21,,,0,100,,451,21,0,16 13,0
401,'c_71594_b_85648_d_31',647,,457,21,,,0,90,,460,21,,,0,70,,458,21,,,0,100,,459,21,,,0,100,,466,21,,,0,100,,461,21,,,0,100,,467,21,,,0,100,,462,21,,,0,100,,468,21,,,0,100,,463,21,,,0,100,,469,21,,,0,100,,464,21,,,0,100,,470,21,,,0,100,,465,21,0,16 13,0,200,,471,21,0,16 13,0,200,,472,21,0,16 13,0
401,'c_71596_b_85651_d_32',737,,473,21,0,16 13,0,170,,474,21,,,0,100,,479,21,,,0,100,,475,21,,,0,100,,480,21,,,0,100,,476,21,,,0,100,,481,21,,,0,100,,477,21,,,0,100,,482,21,,,0,100,,478,21,,,0,100,,483,21,,,0,100,,486,21,0,16 13,0,200,,484,21,0,16 13,0,200,,485,21,0,16 13,0
401,'c_71597_b_85652_d_64',1007,,492,21,,,0,100,,487,21,,,0,100,,493,21,,,0,100,,488,21,,,0,100,,494,21,,,0,100,,489,21,,,0,100,,495,21,,,0,100,,490,21,,,0,100,,491,21,0,16 13,0
