300,'c_70888_b_none_d_31',725,,202,19,,,0,105,,203,19,,,0,100,,206,19,,,0,100,,204,19,,,0,100,,207,19,,,0,100,,205,19,,,0,100,,208,19,,,0,100,,199,19,,,0,100,,197,19,,,0,100,,200,19,,,0,100,,198,19,,,0,170,,201,19,,,0
300,'c_71594_b_85648_d_31',725,,228,19,,,0,105,,229,19,,,0,100,,232,19,,,0,100,,230,19,,,0,100,,233,19,,,0,100,,231,19,,,0,100,,234,19,,,0,100,,223,19,,,0,100,,221,19,,,0,100,,224,19,,,0,100,,222,19,,,0,170,,225,19,,,0,200,,226,19,,,0,200,,227,19,,,0
300,'c_71596_b_85651_d_32',730,,271,19,,,0,100,,268,19,,,0,100,,272,19,,,0,100,,269,19,,,0,100,,273,19,,,0,100,,270,19,,,0,100,,274,19,,,0,100,,252,19,,,0,100,,275,19,,,0,100,,253,19,,,0,100,,276,19,,,0,170,,249,19,,,0,200,,250,19,,,0,200,,251,19,,,0
300,'c_71597_b_85652_d_64',930,,281,19,,,0,100,,277,19,,,0,100,,282,19,,,0,100,,278,19,,,0,100,,283,19,,,0,100,,279,19,,,0,100,,284,19,,,0,100,,280,19,,,0,100,,285,19,,,0
400,'c_70888_b_none_d_31',657,,343,19,,,0,145,,356,19,,,0,100,,361,19,,,0,100,,362,19,,,0,100,,357,19,,,0,100,,363,19,,,0,100,,358,19,,,0,100,,364,19,,,0,100,,359,19,,,0,100,,365,19,,,0,100,,360,19,,,0,100,,366,19,,,0
400,'c_71594_b_85648_d_31',655,,396,19,,,0,147,,374,19,,,0,100,,372,19,,,0,98,,391,19,,,0,100,,387,19,,,0,100,,392,19,,,0,100,,388,19,,,0,100,,393,19,,,0,100,,389,19,,,0,100,,394,19,,,0,100,,390,19,,,0,100,,395,19,,,0,200,,370,19,,,0,200,,371,19,,,0
400,'c_71596_b_85651_d_32',900,,419,19,,,0,100,,414,19,,,0,100,,420,19,,,0,100,,415,19,,,0,100,,421,19,,,0,100,,416,19,,,0,100,,422,19,,,0,100,,417,19,,,0,100,,423,19,,,0,100,,418,19,,,0,200,,398,19,,,0,200,,399,19,,,0
400,'c_71597_b_85652_d_64',1000,,428,19,,,0,100,,424,19,,,0,100,,429,19,,,0,100,,425,19,,,0,100,,430,19,,,0,100,,426,19,,,0,100,,431,19,,,0,100,,427,19,,,0,100,,432,19,,,0
700,'c_71595_b_85650_d_31',1309,,523,7,,,0,400,,522,7,,,0
800,'c_71595_b_85650_d_31',709,,546,7,,,0,30,,539,7,,,0,70,,540,7,,,0,30,,547,7,,,0,70,,557,7,,,0,30,,548,7,,,0,70,,544,7,,,0,30,,541,7,,,0,70,,549,7,,,0,30,,545,7,,,0,70,,542,7,,,0,30,,550,7,,,0,100,,543,7,,,0,70,,551,7,,,0,30,,566,7,,,0,70,,561,7,,,0,30,,554,7,,,0,70,,552,7,,,0,30,,562,7,,,0,100,,553,7,,,0
