300,'c_70888_b_none_d_31',730,,202,25,,,0,105,,203,25,,,0,100,,206,25,,,0,100,,204,25,,,0,100,,207,25,,,0,100,,205,25,,,0,100,,208,25,,,0,100,,199,25,,,0,100,,197,25,,,0,100,,200,25,,,0,100,,198,25,,,0,170,,201,25,,,0
300,'c_71594_b_85648_d_31',730,,228,25,,,0,105,,229,25,,,0,100,,232,25,,,0,100,,230,25,,,0,100,,233,25,,,0,100,,231,25,,,0,100,,234,25,,,0,100,,223,25,,,0,100,,221,25,,,0,100,,224,25,,,0,100,,222,25,,,0,170,,225,25,,,0,200,,226,25,,,0,200,,227,25,,,0
300,'c_71596_b_85651_d_32',735,,271,25,,,0,100,,268,25,,,0,100,,272,25,,,0,100,,269,25,,,0,100,,273,25,,,0,100,,270,25,,,0,100,,274,25,,,0,100,,252,25,,,0,100,,275,25,,,0,100,,253,25,,,0,100,,276,25,,,0,170,,249,25,,,0,200,,250,25,,,0,200,,251,25,,,0
300,'c_71597_b_85652_d_64',935,,281,25,,,0,100,,277,25,,,0,100,,282,25,,,0,100,,278,25,,,0,100,,283,25,,,0,100,,279,25,,,0,100,,284,25,,,0,100,,280,25,,,0,100,,285,25,,,0
400,'c_70888_b_none_d_31',702,,343,25,,,0,105,,356,25,,,0,100,,361,25,,,0,100,,362,25,,,0,100,,357,25,,,0,100,,363,25,,,0,100,,358,25,,,0,100,,364,25,,,0,100,,359,25,,,0,100,,365,25,,,0,100,,360,25,,,0,100,,366,25,,,0
400,'c_71594_b_85648_d_31',700,,396,25,,,0,107,,374,25,,,0,100,,372,25,,,0,98,,391,25,,,0,100,,387,25,,,0,100,,392,25,,,0,100,,388,25,,,0,100,,393,25,,,0,100,,389,25,,,0,100,,394,25,,,0,100,,390,25,,,0,100,,395,25,,,0,200,,370,25,,,0,200,,371,25,,,0
400,'c_71596_b_85651_d_32',905,,419,25,,,0,100,,414,25,,,0,100,,420,25,,,0,100,,415,25,,,0,100,,421,25,,,0,100,,416,25,,,0,100,,422,25,,,0,100,,417,25,,,0,100,,423,25,,,0,100,,418,25,,,0,200,,398,25,,,0,200,,399,25,,,0
400,'c_71597_b_85652_d_64',1005,,428,25,,,0,100,,424,25,,,0,100,,429,25,,,0,100,,425,25,,,0,100,,430,25,,,0,100,,426,25,,,0,100,,431,25,,,0,100,,427,25,,,0,100,,432,25,,,0
700,'c_71595_b_85650_d_31',1321,,523,16,,,0,400,,522,16,,,0
800,'c_71595_b_85650_d_31',716,,546,13,,,0,30,,539,13,,,0,70,,540,13,,,0,30,,547,13,,,0,70,,557,13,,,0,30,,548,13,,,0,70,,544,13,,,0,30,,541,13,,,0,70,,549,13,,,0,30,,545,13,,,0,70,,542,13,,,0,30,,550,13,,,0,100,,543,13,,,0,70,,551,13,,,0,30,,566,13,,,0,70,,561,13,,,0,30,,554,13,,,0,70,,552,13,,,0,30,,562,13,,,0,100,,553,13,,,0
