301,'c_70888_b_none_d_31',826,,297,11,,,0,100,,302,11,,,0,100,,298,11,,,0,100,,303,11,,,0,100,,299,11,,,0,100,,304,11,,,0,100,,296,11,,,0,100,,300,11,,,0,100,,305,11,,,0,100,,301,11,,,0,100,,306,11,,,0
301,'c_71594_b_85648_d_31',826,,308,11,,,0,100,,313,11,,,0,100,,309,11,,,0,100,,314,11,,,0,100,,310,11,,,0,100,,315,11,,,0,100,,307,11,,,0,100,,311,11,,,0,100,,318,11,,,0,100,,312,11,,,0,100,,319,11,,,0,130,,316,11,0,16 13,0,200,,317,11,0,16 13,0
301,'c_71596_b_85651_d_32',826,,321,11,,,0,100,,324,11,,,0,100,,322,11,,,0,100,,325,11,,,0,100,,323,11,,,0,100,,326,11,,,0,100,,320,11,,,0,100,,327,11,,,0,100,,329,11,,,0,100,,328,11,,,0,100,,330,11,,,0,130,,331,11,,,0,200,,332,11,,,0
301,'c_71597_b_85652_d_64',926,,337,11,,,0,100,,333,11,,,0,100,,338,11,,,0,100,,334,11,,,0,100,,339,11,,,0,100,,335,11,,,0,100,,340,11,,,0,100,,336,11,,,0,100,,341,11,,,0
401,'c_70888_b_none_d_31',636,,443,11,,,0,90,,446,11,,,0,30,,444,11,,,0,100,,445,11,,,0,100,,452,11,,,0,100,,447,11,,,0,100,,453,11,,,0,100,,448,11,,,0,100,,454,11,,,0,100,,449,11,,,0,100,,455,11,,,0,100,,450,11,,,0,100,,456,11,,,0,100,,451,11,0,16 13,0
401,'c_71594_b_85648_d_31',636,,457,11,,,0,90,,460,11,,,0,30,,458,11,,,0,100,,459,11,,,0,100,,466,11,,,0,100,,461,11,,,0,100,,467,11,,,0,100,,462,11,,,0,100,,468,11,,,0,100,,463,11,,,0,100,,469,11,,,0,100,,464,11,,,0,100,,470,11,,,0,100,,465,11,0,16 13,0,200,,471,11,0,16 13,0,200,,472,11,0,16 13,0
401,'c_71596_b_85651_d_32',726,,473,11,0,16 13,0,130,,474,11,,,0,100,,479,11,,,0,100,,475,11,,,0,100,,480,11,,,0,100,,476,11,,,0,100,,481,11,,,0,100,,477,11,,,0,100,,482,11,,,0,100,,478,11,,,0,100,,483,11,,,0,100,,486,11,0,16 13,0,200,,484,11,0,16 13,0,200,,485,11,0,16 13,0
401,'c_71597_b_85652_d_64',956,,492,11,,,0,100,,487,11,,,0,100,,493,11,,,0,100,,488,11,,,0,100,,494,11,,,0,100,,489,11,,,0,100,,495,11,,,0,100,,490,11,,,0,100,,491,11,0,16 13,0
701,'c_71595_b_85650_d_31',658,,524,11,,,0
801,'c_71595_b_85650_d_31',724,,581,7,,,0,30,,569,7,,,0,70,,580,7,,,0,30,,568,7,,,0,70,,571,7,,,0,30,,577,7,,,0,70,,582,7,,,0,30,,572,7,,,0,70,,578,7,,,0,30,,583,7,,,0,70,,573,7,,,0,30,,579,7,,,0,70,,584,7,,,0,30,,574,7,,,0,70,,570,7,,,0,30,,587,7,,,0,70,,575,7,,,0,30,,585,7,,,0,70,,588,7,,,0,30,,576,7,,,0,70,,586,7,,,0,30,,589,7,,,0
