100,'c_71594_b_85648_d_31',720,,25,5,,,0,30,,31,5,,,0,70,,26,5,,,0,30,,32,5,,,0,70,,38,5,,,0,30,,33,5,,,0,70,,40,5,,,0,30,,34,5,,,0,70,,41,5,,,0,30,,35,5,,,0,70,,42,5,,,0,30,,36,5,,,0,70,,43,5,,,0,30,,37,5,,,0,70,,44,5,,,0,30,,27,5,,,0,70,,45,5,,,0,30,,28,5,,,0,70,,46,5,,,0,30,,29,5,,,0,70,,47,5,,,0,30,,30,5,,,0,70,,39,5,,,0,100,,48,5,,,0,100,,49,5,,,0,100,,50,5,,,0,100,,51,5,,,0,100,,52,5,,,0
100,'c_71596_b_85651_d_32',750,,67,5,,,0,100,,68,5,,,0,70,,57,5,,,0,30,,69,5,,,0,70,,59,5,,,0,30,,70,5,,,0,70,,60,5,,,0,30,,71,5,,,0,70,,61,5,,,0,30,,72,5,,,0,70,,62,5,,,0,30,,73,5,,,0,70,,63,5,,,0,30,,53,5,,,0,70,,64,5,,,0,30,,54,5,,,0,70,,65,5,,,0,30,,55,5,,,0,70,,66,5,,,0,30,,56,5,,,0,70,,58,5,,,0,100,,74,5,,,0,100,,75,5,,,0,100,,76,5,,,0,100,,77,5,,,0,100,,78,5,,,0
100,'c_71597_b_85652_d_64',920,,79,5,,,0,30,,89,5,,,0,70,,81,5,,,0,30,,90,5,,,0,70,,82,5,,,0,30,,91,5,,,0,70,,83,5,,,0,30,,92,5,,,0,70,,84,5,,,0,30,,93,5,,,0,70,,85,5,,,0,30,,94,5,,,0,70,,86,5,,,0,30,,95,5,,,0,70,,87,5,,,0,30,,96,5,,,0,70,,88,5,,,0,30,,97,5,,,0,70,,80,5,,,0
300,'c_71594_b_85648_d_31',713,,228,5,,,0,105,,229,5,,,0,100,,232,5,,,0,100,,230,5,,,0,100,,233,5,,,0,100,,231,5,,,0,100,,234,5,,,0,100,,223,5,,,0,100,,221,5,,,0,100,,224,5,,,0,100,,222,5,,,0,130,,225,5,,,0,200,,226,5,,,0,200,,227,5,,,0
300,'c_71596_b_85651_d_32',718,,271,5,,,0,100,,268,5,,,0,100,,272,5,,,0,100,,269,5,,,0,100,,273,5,,,0,100,,270,5,,,0,100,,274,5,,,0,100,,252,5,,,0,100,,275,5,,,0,100,,253,5,,,0,100,,276,5,,,0,130,,249,5,,,0,200,,250,5,,,0,200,,251,5,,,0
300,'c_71597_b_85652_d_64',918,,281,5,,,0,100,,277,5,,,0,100,,282,5,,,0,100,,278,5,,,0,100,,283,5,,,0,100,,279,5,,,0,100,,284,5,,,0,100,,280,5,,,0,100,,285,5,,,0
400,'c_71594_b_85648_d_31',643,,396,5,,,0,105,,374,5,,,0,100,,372,5,,,0,100,,391,5,,,0,100,,387,5,,,0,100,,392,5,,,0,100,,388,5,,,0,100,,393,5,,,0,100,,389,5,,,0,100,,394,5,,,0,100,,390,5,,,0,100,,395,5,,,0,200,,370,5,,,0,200,,371,5,,,0
400,'c_71596_b_85651_d_32',848,,419,5,,,0,100,,414,5,,,0,100,,420,5,,,0,100,,415,5,,,0,100,,421,5,,,0,100,,416,5,,,0,100,,422,5,,,0,100,,417,5,,,0,100,,423,5,,,0,100,,418,5,,,0,200,,398,5,,,0,200,,399,5,,,0
400,'c_71597_b_85652_d_64',948,,428,5,,,0,100,,424,5,,,0,100,,429,5,,,0,100,,425,5,,,0,100,,430,5,,,0,100,,426,5,,,0,100,,431,5,,,0,100,,427,5,,,0,100,,432,5,,,0
700,'c_71595_b_85650_d_31',1303,,523,5,,,0,400,,522,5,,,0
800,'c_71595_b_85650_d_31',703,,546,5,,,0,30,,539,5,,,0,70,,540,5,,,0,30,,547,5,,,0,70,,557,5,,,0,30,,548,5,,,0,70,,544,5,,,0,30,,541,5,,,0,70,,549,5,,,0,30,,545,5,,,0,70,,542,5,,,0,30,,550,5,,,0,100,,543,5,,,0,70,,551,5,,,0,30,,566,5,,,0,70,,561,5,,,0,30,,554,5,,,0,70,,552,5,,,0,30,,562,5,,,0,100,,553,5,,,0
900,'c_71595_b_85650_d_31',1742,,593,5,,,0,85,,590,5,,,0,100,,591,5,,,0
