301,'c_70888_b_none_d_31',827,,297,12,,,0,100,,302,12,,,0,100,,298,12,,,0,100,,303,12,,,0,100,,299,12,,,0,100,,304,12,,,0,100,,296,12,,,0,100,,300,12,,,0,100,,305,12,,,0,100,,301,12,,,0,100,,306,12,,,0
301,'c_71594_b_85648_d_31',827,,308,12,,,0,100,,313,12,,,0,100,,309,12,,,0,100,,314,12,,,0,100,,310,12,,,0,100,,315,12,,,0,100,,307,12,,,0,100,,311,12,,,0,100,,318,12,,,0,100,,312,12,,,0,100,,319,12,,,0,130,,316,12,0,16 13,0,200,,317,12,0,16 13,0
301,'c_71596_b_85651_d_32',827,,321,12,,,0,100,,324,12,,,0,100,,322,12,,,0,100,,325,12,,,0,100,,323,12,,,0,100,,326,12,,,0,100,,320,12,,,0,100,,327,12,,,0,100,,329,12,,,0,100,,328,12,,,0,100,,330,12,,,0,130,,331,12,,,0,200,,332,12,,,0
301,'c_71597_b_85652_d_64',927,,337,12,,,0,100,,333,12,,,0,100,,338,12,,,0,100,,334,12,,,0,100,,339,12,,,0,100,,335,12,,,0,100,,340,12,,,0,100,,336,12,,,0,100,,341,12,,,0
401,'c_70888_b_none_d_31',637,,443,12,,,0,90,,446,12,,,0,30,,444,12,,,0,100,,445,12,,,0,100,,452,12,,,0,100,,447,12,,,0,100,,453,12,,,0,100,,448,12,,,0,100,,454,12,,,0,100,,449,12,,,0,100,,455,12,,,0,100,,450,12,,,0,100,,456,12,,,0,100,,451,12,0,16 13,0
401,'c_71594_b_85648_d_31',637,,457,12,,,0,90,,460,12,,,0,30,,458,12,,,0,100,,459,12,,,0,100,,466,12,,,0,100,,461,12,,,0,100,,467,12,,,0,100,,462,12,,,0,100,,468,12,,,0,100,,463,12,,,0,100,,469,12,,,0,100,,464,12,,,0,100,,470,12,,,0,100,,465,12,0,16 13,0,200,,471,12,0,16 13,0,200,,472,12,0,16 13,0
401,'c_71596_b_85651_d_32',727,,473,12,0,16 13,0,130,,474,12,,,0,100,,479,12,,,0,100,,475,12,,,0,100,,480,12,,,0,100,,476,12,,,0,100,,481,12,,,0,100,,477,12,,,0,100,,482,12,,,0,100,,478,12,,,0,100,,483,12,,,0,100,,486,12,0,16 13,0,200,,484,12,0,16 13,0,200,,485,12,0,16 13,0
401,'c_71597_b_85652_d_64',957,,492,12,,,0,100,,487,12,,,0,100,,493,12,,,0,100,,488,12,,,0,100,,494,12,,,0,100,,489,12,,,0,100,,495,12,,,0,100,,490,12,,,0,100,,491,12,0,16 13,0
701,'c_71595_b_85650_d_31',705,,524,15,,,0
801,'c_71595_b_85650_d_31',725,,581,8,,,0,30,,569,8,,,0,70,,580,8,,,0,30,,568,8,,,0,70,,571,8,,,0,30,,577,8,,,0,70,,582,8,,,0,30,,572,8,,,0,70,,578,8,,,0,30,,583,8,,,0,70,,573,8,,,0,30,,579,8,,,0,70,,584,8,,,0,30,,574,8,,,0,70,,570,8,,,0,30,,587,8,,,0,70,,575,8,,,0,30,,585,8,,,0,70,,588,8,,,0,30,,576,8,,,0,70,,586,8,,,0,30,,589,8,,,0
