100,'c_71594_b_85648_d_31',719,,25,4,,,0,30,,31,4,,,0,70,,26,4,,,0,30,,32,4,,,0,70,,38,4,,,0,30,,33,4,,,0,70,,40,4,,,0,30,,34,4,,,0,70,,41,4,,,0,30,,35,4,,,0,70,,42,4,,,0,30,,36,4,,,0,70,,43,4,,,0,30,,37,4,,,0,70,,44,4,,,0,30,,27,4,,,0,70,,45,4,,,0,30,,28,4,,,0,70,,46,4,,,0,30,,29,4,,,0,70,,47,4,,,0,30,,30,4,,,0,70,,39,4,,,0,100,,48,4,,,0,100,,49,4,,,0,100,,50,4,,,0,100,,51,4,,,0,100,,52,4,,,0
100,'c_71596_b_85651_d_32',749,,67,4,,,0,100,,68,4,,,0,70,,57,4,,,0,30,,69,4,,,0,70,,59,4,,,0,30,,70,4,,,0,70,,60,4,,,0,30,,71,4,,,0,70,,61,4,,,0,30,,72,4,,,0,70,,62,4,,,0,30,,73,4,,,0,70,,63,4,,,0,30,,53,4,,,0,70,,64,4,,,0,30,,54,4,,,0,70,,65,4,,,0,30,,55,4,,,0,70,,66,4,,,0,30,,56,4,,,0,70,,58,4,,,0,100,,74,4,,,0,100,,75,4,,,0,100,,76,4,,,0,100,,77,4,,,0,100,,78,4,,,0
100,'c_71597_b_85652_d_64',919,,79,4,,,0,30,,89,4,,,0,70,,81,4,,,0,30,,90,4,,,0,70,,82,4,,,0,30,,91,4,,,0,70,,83,4,,,0,30,,92,4,,,0,70,,84,4,,,0,30,,93,4,,,0,70,,85,4,,,0,30,,94,4,,,0,70,,86,4,,,0,30,,95,4,,,0,70,,87,4,,,0,30,,96,4,,,0,70,,88,4,,,0,30,,97,4,,,0,70,,80,4,,,0
300,'c_71594_b_85648_d_31',712,,228,4,,,0,105,,229,4,,,0,100,,232,4,,,0,100,,230,4,,,0,100,,233,4,,,0,100,,231,4,,,0,100,,234,4,,,0,100,,223,4,,,0,100,,221,4,,,0,100,,224,4,,,0,100,,222,4,,,0,130,,225,4,,,0,200,,226,4,,,0,200,,227,4,,,0
300,'c_71596_b_85651_d_32',717,,271,4,,,0,100,,268,4,,,0,100,,272,4,,,0,100,,269,4,,,0,100,,273,4,,,0,100,,270,4,,,0,100,,274,4,,,0,100,,252,4,,,0,100,,275,4,,,0,100,,253,4,,,0,100,,276,4,,,0,130,,249,4,,,0,200,,250,4,,,0,200,,251,4,,,0
300,'c_71597_b_85652_d_64',917,,281,4,,,0,100,,277,4,,,0,100,,282,4,,,0,100,,278,4,,,0,100,,283,4,,,0,100,,279,4,,,0,100,,284,4,,,0,100,,280,4,,,0,100,,285,4,,,0
400,'c_71594_b_85648_d_31',642,,396,4,,,0,105,,374,4,,,0,100,,372,4,,,0,100,,391,4,,,0,100,,387,4,,,0,100,,392,4,,,0,100,,388,4,,,0,100,,393,4,,,0,100,,389,4,,,0,100,,394,4,,,0,100,,390,4,,,0,100,,395,4,,,0,200,,370,4,,,0,200,,371,4,,,0
400,'c_71596_b_85651_d_32',847,,419,4,,,0,100,,414,4,,,0,100,,420,4,,,0,100,,415,4,,,0,100,,421,4,,,0,100,,416,4,,,0,100,,422,4,,,0,100,,417,4,,,0,100,,423,4,,,0,100,,418,4,,,0,200,,398,4,,,0,200,,399,4,,,0
400,'c_71597_b_85652_d_64',947,,428,4,,,0,100,,424,4,,,0,100,,429,4,,,0,100,,425,4,,,0,100,,430,4,,,0,100,,426,4,,,0,100,,431,4,,,0,100,,427,4,,,0,100,,432,4,,,0
700,'c_71595_b_85650_d_31',1302,,523,4,,,0,400,,522,4,,,0
800,'c_71595_b_85650_d_31',702,,546,4,,,0,30,,539,4,,,0,70,,540,4,,,0,30,,547,4,,,0,70,,557,4,,,0,30,,548,4,,,0,70,,544,4,,,0,30,,541,4,,,0,70,,549,4,,,0,30,,545,4,,,0,70,,542,4,,,0,30,,550,4,,,0,100,,543,4,,,0,70,,551,4,,,0,30,,566,4,,,0,70,,561,4,,,0,30,,554,4,,,0,70,,552,4,,,0,30,,562,4,,,0,100,,553,4,,,0
900,'c_71595_b_85650_d_31',1741,,593,4,,,0,85,,590,4,,,0,100,,591,4,,,0
