100,'c_71837_b_86637_d_96',747,,724,2,,,0,100,,735,2,,,0,70,,725,2,,,0,30,,736,2,,,0,70,,727,2,,,0,30,,737,2,,,0,70,,728,2,,,0,30,,738,2,,,0,70,,729,2,,,0,30,,739,2,,,0,70,,730,2,,,0,30,,740,2,,,0,70,,731,2,,,0,30,,720,2,,,0,70,,732,2,,,0,30,,721,2,,,0,70,,733,2,,,0,30,,722,2,,,0,70,,734,2,,,0,30,,723,2,,,0,70,,726,2,,,0,100,,741,2,,,0,100,,742,2,,,0,100,,743,2,,,0,100,,744,2,,,0,100,,745,2,,,0
100,'c_71839_b_86639_d_31',717,,772,2,,,0,30,,746,2,,,0,70,,773,2,,,0,30,,747,2,,,0,70,,757,2,,,0,30,,748,2,,,0,70,,759,2,,,0,30,,749,2,,,0,70,,760,2,,,0,30,,750,2,,,0,70,,761,2,,,0,30,,751,2,,,0,70,,762,2,,,0,30,,752,2,,,0,70,,763,2,,,0,30,,753,2,,,0,70,,764,2,,,0,30,,754,2,,,0,70,,765,2,,,0,30,,755,2,,,0,70,,766,2,,,0,30,,756,2,,,0,70,,758,2,,,0,100,,767,2,,,0,100,,768,2,,,0,100,,769,2,,,0,100,,770,2,,,0,100,,771,2,,,0
300,'c_71837_b_86637_d_96',715,,848,2,,,0,100,,845,2,,,0,100,,849,2,,,0,100,,846,2,,,0,100,,850,2,,,0,100,,847,2,,,0,100,,851,2,,,0,100,,833,2,,,0,100,,852,2,,,0,100,,834,2,,,0,100,,853,2,,,0,130,,830,2,,,0,200,,831,2,,,0,200,,832,2,,,0
300,'c_71839_b_86639_d_31',710,,865,2,,,0,105,,866,2,,,0,100,,869,2,,,0,100,,867,2,,,0,100,,870,2,,,0,100,,868,2,,,0,100,,871,2,,,0,100,,860,2,,,0,100,,858,2,,,0,100,,861,2,,,0,100,,859,2,,,0,130,,862,2,,,0,200,,863,2,,,0,200,,864,2,,,0
400,'c_71837_b_86637_d_96',845,,933,2,,,0,100,,921,2,,,0,100,,934,2,,,0,100,,922,2,,,0,100,,935,2,,,0,100,,923,2,,,0,100,,936,2,,,0,100,,924,2,,,0,100,,937,2,,,0,100,,925,2,,,0,200,,912,2,,,0,200,,913,2,,,0
400,'c_71839_b_86639_d_31',640,,966,2,,,0,105,,944,2,,,0,100,,942,2,,,0,100,,961,2,,,0,100,,957,2,,,0,100,,962,2,,,0,100,,958,2,,,0,100,,963,2,,,0,100,,959,2,,,0,100,,964,2,,,0,100,,960,2,,,0,100,,965,2,,,0,200,,940,2,,,0,200,,941,2,,,0
700,'c_71851_b_86665_d_31',1300,,999,2,,,0,400,,998,2,,,0
700,'c_71885_b_86774_d_31',1300,,1069,2,,,0,400,,1070,2,,,0
800,'c_71838_b_86640_d_96',830,,685,2,,,0,70,,673,2,,,0,30,,679,2,,,0,70,,686,2,,,0,30,,674,2,,,0,70,,680,2,,,0,30,,687,2,,,0,70,,675,2,,,0,30,,681,2,,,0,70,,688,2,,,0,30,,676,2,,,0,70,,682,2,,,0,30,,689,2,,,0,70,,677,2,,,0,30,,683,2,,,0,70,,690,2,,,0,30,,678,2,,,0,70,,684,2,,,0,30,,691,2,,,0
800,'c_71851_b_86665_d_31',730,,1014,2,,,0,70,,1015,2,,,0,30,,1030,2,,,0,70,,1023,2,,,0,30,,1031,2,,,0,70,,1019,2,,,0,30,,1016,2,,,0,70,,1032,2,,,0,30,,1020,2,,,0,70,,1017,2,,,0,30,,1033,2,,,0,100,,1018,2,,,0,70,,1034,2,,,0,30,,1040,2,,,0,70,,1038,2,,,0,30,,1037,2,,,0,70,,1035,2,,,0,30,,1039,2,,,0,100,,1036,2,,,0
800,'c_71885_b_86774_d_31',700,,1089,2,,,0,30,,1075,2,,,0,70,,1097,2,,,0,30,,1090,2,,,0,70,,1074,2,,,0,30,,1091,2,,,0,70,,1101,2,,,0,30,,1098,2,,,0,70,,1092,2,,,0,30,,1102,2,,,0,70,,1099,2,,,0,30,,1093,2,,,0,100,,1100,2,,,0,70,,1094,2,,,0,30,,1106,2,,,0,70,,1104,2,,,0,30,,1103,2,,,0,70,,1095,2,,,0,30,,1105,2,,,0,100,,1096,2,,,0
