21290000,'c_70811_b_85661_d_14',800,,598,1,,,0,30,,599,1,,,0,70,,599,10,4,,0
21290000,'c_70811_b_85661_d_31',900,,600,1,,,0,30,,610,1,,,0,70,,611,1,,,0,30,,612,1,,,0,70,,613,1,,,0,30,,614,1,,,0,70,,615,1,,,0,30,,616,1,,,0,70,,617,1,,,0,30,,617,10,4,,0,70,,601,10,4,,0,30,,603,1,,,0,70,,604,1,,,0,30,,605,1,,,0,70,,606,1,,,0,30,,607,1,,,0,70,,608,1,,,0,30,,609,1,,,0,70,,609,10,4,,0
21290000,'c_70811_b_85661_d_4',1800,,618,1,,,0,30,,619,1,,,0,70,,620,1,,,0,30,,621,1,,,0,70,,622,1,,,0,30,,622,10,4,,0,70,,623,10,4,,0
21290000,'c_70811_b_85661_d_8',730,,628,1,,,0,70,,628,10,4,,0,1000,,624,1,,,0,30,,625,1,,,0,70,,626,1,,,0,30,,627,1,,,0,70,,627,10,4,,0
21290000,'c_70811_b_85662_d_14',800,,629,1,,,0,30,,630,1,,,0,70,,630,10,4,,0
21290000,'c_70811_b_85662_d_31',900,,631,1,,,0,30,,641,1,,,0,70,,642,1,,,0,30,,643,1,,,0,70,,644,1,,,0,30,,645,1,,,0,70,,646,1,,,0,30,,647,1,,,0,70,,648,1,,,0,30,,648,10,4,,0,70,,633,1,,,0,30,,634,1,,,0,70,,635,1,,,0,30,,636,1,,,0,70,,636,10,4,,0,30,,638,1,,,0,70,,639,1,,,0,30,,640,1,,,0,70,,640,10,4,,0
21290000,'c_70811_b_85662_d_4',1800,,649,1,,,0,30,,650,1,,,0,70,,651,1,,,0,30,,652,1,,,0,70,,653,1,,,0,30,,653,10,4,,0,70,,654,10,4,,0
21290000,'c_70811_b_85662_d_8',730,,659,1,,,0,70,,659,10,4,,0,1000,,655,1,,,0,30,,656,1,,,0,70,,657,1,,,0,30,,657,10,4,,0,70,,658,10,4,,0
21290000,'c_70811_b_85663_d_14',800,,660,1,,,0,30,,661,1,,,0,70,,661,10,4,,0
21290000,'c_70811_b_85663_d_31',900,,662,1,,,0,30,,672,1,,,0,70,,673,1,,,0,30,,673,10,4,,0,70,,675,1,,,0,30,,676,1,,,0,70,,677,1,,,0,30,,678,1,,,0,70,,679,1,,,0,30,,679,10,4,,0,70,,664,1,,,0,30,,665,1,,,0,70,,666,1,,,0,30,,667,1,,,0,70,,668,1,,,0,30,,669,1,,,0,70,,670,1,,,0,30,,671,1,,,0,70,,671,10,4,,0
21290000,'c_70811_b_85663_d_4',1800,,680,1,,,0,30,,680,10,4,,0,70,,681,10,4,,0,30,,683,1,,,0,70,,684,1,,,0,30,,684,10,4,,0,70,,685,10,4,,0
21290000,'c_70811_b_85663_d_8',730,,690,1,,,0,70,,690,10,4,,0,1000,,686,1,,,0,30,,686,10,4,,0,70,,688,1,,,0,30,,689,1,,,0,70,,689,10,4,,0
