301,'c_70888_b_none_d_31',828,,297,13,,,0,100,,302,13,,,0,100,,298,13,,,0,100,,303,13,,,0,100,,299,13,,,0,100,,304,13,,,0,100,,296,13,,,0,100,,300,13,,,0,100,,305,13,,,0,100,,301,13,,,0,100,,306,13,,,0
301,'c_71594_b_85648_d_31',828,,308,13,,,0,100,,313,13,,,0,100,,309,13,,,0,100,,314,13,,,0,100,,310,13,,,0,100,,315,13,,,0,100,,307,13,,,0,100,,311,13,,,0,100,,318,13,,,0,100,,312,13,,,0,100,,319,13,,,0,130,,316,13,0,16 13,0,200,,317,13,0,16 13,0
301,'c_71596_b_85651_d_32',828,,321,13,,,0,100,,324,13,,,0,100,,322,13,,,0,100,,325,13,,,0,100,,323,13,,,0,100,,326,13,,,0,100,,320,13,,,0,100,,327,13,,,0,100,,329,13,,,0,100,,328,13,,,0,100,,330,13,,,0,130,,331,13,,,0,200,,332,13,,,0
301,'c_71597_b_85652_d_64',928,,337,13,,,0,100,,333,13,,,0,100,,338,13,,,0,100,,334,13,,,0,100,,339,13,,,0,100,,335,13,,,0,100,,340,13,,,0,100,,336,13,,,0,100,,341,13,,,0
401,'c_70888_b_none_d_31',638,,443,13,,,0,90,,446,13,,,0,30,,444,13,,,0,100,,445,13,,,0,100,,452,13,,,0,100,,447,13,,,0,100,,453,13,,,0,100,,448,13,,,0,100,,454,13,,,0,100,,449,13,,,0,100,,455,13,,,0,100,,450,13,,,0,100,,456,13,,,0,100,,451,13,0,16 13,0
401,'c_71594_b_85648_d_31',638,,457,13,,,0,90,,460,13,,,0,30,,458,13,,,0,100,,459,13,,,0,100,,466,13,,,0,100,,461,13,,,0,100,,467,13,,,0,100,,462,13,,,0,100,,468,13,,,0,100,,463,13,,,0,100,,469,13,,,0,100,,464,13,,,0,100,,470,13,,,0,100,,465,13,0,16 13,0,200,,471,13,0,16 13,0,200,,472,13,0,16 13,0
401,'c_71596_b_85651_d_32',728,,473,13,0,16 13,0,130,,474,13,,,0,100,,479,13,,,0,100,,475,13,,,0,100,,480,13,,,0,100,,476,13,,,0,100,,481,13,,,0,100,,477,13,,,0,100,,482,13,,,0,100,,478,13,,,0,100,,483,13,,,0,100,,486,13,0,16 13,0,200,,484,13,0,16 13,0,200,,485,13,0,16 13,0
401,'c_71597_b_85652_d_64',958,,492,13,,,0,100,,487,13,,,0,100,,493,13,,,0,100,,488,13,,,0,100,,494,13,,,0,100,,489,13,,,0,100,,495,13,,,0,100,,490,13,,,0,100,,491,13,0,16 13,0
701,'c_71595_b_85650_d_31',708,,524,16,,,0
801,'c_71595_b_85650_d_31',728,,581,9,,,0,30,,569,9,,,0,70,,580,9,,,0,30,,568,9,,,0,70,,571,9,,,0,30,,577,9,,,0,70,,582,9,,,0,30,,572,9,,,0,70,,578,9,,,0,30,,583,9,,,0,70,,573,9,,,0,30,,579,9,,,0,70,,584,9,,,0,30,,574,9,,,0,70,,570,9,,,0,30,,587,9,,,0,70,,575,9,,,0,30,,585,9,,,0,70,,588,9,,,0,30,,576,9,,,0,70,,586,9,,,0,30,,589,9,,,0
