100,300,1,0
100,401,2,0
100,402,3,0
100,403,4,0
100,404,5,0
100,405,6,0
100,516,7,0
100,517,8,0
100,518,9,0
100,519,10,0
100,520,11,0
100,521,12,0
100,522,13,0
100,523,14,0
100,524,15,0
100,525,16,0
100,526,17,0
100,527,18,0
100,529,19,0
100,547,20,1
101,547,1,0
101,528,2,0
101,530,3,0
101,531,4,0
101,532,5,0
101,533,6,0
101,534,7,0
101,535,8,0
101,536,9,0
101,537,10,0
101,538,11,0
101,518,12,0
101,539,13,0
101,540,14,0
101,494,15,0
101,495,16,0
101,496,17,0
101,300,18,1
300,300,1,0
300,401,2,0
300,402,3,0
300,403,4,0
300,404,5,0
300,405,6,0
300,406,7,0
300,407,8,0
300,408,9,0
300,545,10,0
300,409,11,0
300,410,12,0
300,411,13,0
300,412,14,0
300,413,15,0
300,414,16,0
300,415,17,0
300,416,18,0
300,417,19,0
300,418,20,0
300,419,21,0
300,420,22,0
300,421,23,0
300,422,24,0
300,423,25,0
300,424,26,0
300,425,27,0
300,426,28,0
300,427,29,0
300,200,30,0
300,428,31,0
300,429,32,0
300,430,33,0
300,431,34,0
300,432,35,0
300,433,36,0
300,434,37,0
300,435,38,0
300,436,39,0
300,437,40,0
300,438,41,0
300,439,42,0
300,440,43,0
300,441,44,0
300,442,45,0
300,443,46,0
300,444,47,0
300,445,48,0
300,446,49,0
300,447,50,1
301,447,1,0
301,448,2,0
301,449,3,0
301,450,4,0
301,451,5,0
301,452,6,0
301,573,7,0
301,453,8,0
301,454,9,0
301,100,10,0
301,479,11,0
301,480,12,0
301,481,13,0
301,482,14,0
301,483,15,0
301,560,16,0
301,419,17,0
301,420,18,0
301,422,19,0
301,484,20,0
301,485,21,0
301,486,22,0
301,415,23,0
301,487,24,0
301,488,25,0
301,489,26,0
301,409,27,0
301,410,28,0
301,411,29,0
301,490,30,0
301,491,31,0
301,492,32,0
301,493,33,0
301,494,34,0
301,495,35,0
301,496,36,0
301,300,37,1
400,300,1,0
400,401,2,0
400,402,3,0
400,403,4,0
400,404,5,0
400,405,6,0
400,406,7,0
400,407,8,0
400,408,9,0
400,545,10,0
400,409,11,0
400,410,12,0
400,411,13,0
400,412,14,0
400,413,15,0
400,414,16,0
400,415,17,0
400,416,18,0
400,417,19,0
400,418,20,0
400,419,21,0
400,420,22,0
400,421,23,0
400,422,24,0
400,423,25,0
400,424,26,0
400,425,27,0
400,426,28,0
400,427,29,0
400,200,30,0
400,428,31,0
400,429,32,0
400,430,33,0
400,455,34,0
400,456,35,0
400,457,36,0
400,459,37,0
400,460,38,0
400,461,39,0
400,462,40,0
400,463,41,0
400,464,42,0
400,465,43,0
400,466,44,0
400,467,45,0
400,468,46,0
400,469,47,0
400,470,48,0
400,471,49,0
400,472,50,0
400,473,51,0
400,474,52,0
400,475,53,0
400,476,54,0
400,477,55,0
400,478,56,1
401,478,1,0
401,453,2,0
401,454,3,0
401,100,4,0
401,479,5,0
401,480,6,0
401,481,7,0
401,482,8,0
401,483,9,0
401,560,10,0
401,419,11,0
401,420,12,0
401,422,13,0
401,484,14,0
401,485,15,0
401,486,16,0
401,415,17,0
401,487,18,0
401,488,19,0
401,489,20,0
401,409,21,0
401,410,22,0
401,411,23,0
401,490,24,0
401,491,25,0
401,492,26,0
401,493,27,0
401,494,28,0
401,495,29,0
401,496,30,0
401,300,31,1
500,401,1,0
500,402,2,0
500,403,3,0
500,404,4,0
500,100,5,0
500,542,6,0
500,429,7,0
500,430,8,0
500,455,9,0
500,456,10,0
500,457,11,0
500,458,12,0
500,459,13,0
500,460,14,0
500,541,15,1
501,541,1,0
501,447,2,0
501,448,3,0
501,449,4,0
501,450,5,0
501,451,6,0
501,452,7,0
501,573,8,0
501,453,9,0
501,542,10,0
501,200,11,0
501,401,12,1
600,401,1,0
600,402,2,0
600,403,3,0
600,404,4,0
600,100,5,0
600,200,6,0
600,542,7,0
600,429,8,0
600,430,9,0
600,477,10,0
600,548,11,0
600,549,12,1
601,549,1,0
601,473,2,0
601,474,3,0
601,475,4,0
601,476,5,0
601,478,6,0
601,453,7,0
601,542,8,0
601,100,9,0
601,200,10,0
601,401,11,1
701,479,1,0
701,480,2,0
701,481,3,0
701,482,4,0
701,483,5,0
701,543,6,0
701,544,7,0
701,419,8,0
701,420,9,0
701,421,10,0
701,422,11,0
701,484,12,0
701,485,13,0
701,493,14,0
701,494,15,0
701,495,16,0
701,496,17,0
701,497,18,0
701,498,19,0
701,499,20,1
800,497,1,0
800,498,2,0
800,499,3,0
800,300,4,0
800,401,5,0
800,402,6,0
800,403,7,0
800,404,8,0
800,405,9,0
800,406,10,0
800,407,11,0
800,408,12,0
800,545,13,0
800,417,14,0
800,418,15,0
800,546,16,0
800,423,17,0
800,424,18,0
800,425,19,0
800,426,20,0
800,427,21,0
800,200,22,0
800,428,23,0
800,429,24,0
800,430,25,0
800,431,26,0
800,432,27,0
800,433,28,0
800,434,29,0
800,435,30,0
800,436,31,0
800,437,32,0
800,438,33,0
800,439,34,0
800,440,35,0
800,441,36,0
800,442,37,0
800,443,38,0
800,444,39,0
800,445,40,0
800,446,41,0
800,447,42,1
901,460,1,0
901,461,2,0
901,462,3,0
901,463,4,0
901,464,5,0
901,465,6,0
901,466,7,0
901,467,8,0
901,468,9,0
901,469,10,0
901,470,11,0
901,471,12,0
901,472,13,0
901,473,14,0
901,474,15,0
901,475,16,0
901,476,17,0
901,477,18,0
901,478,19,0
901,453,20,0
901,454,21,0
901,100,22,0
901,494,23,0
901,495,24,0
901,496,25,0
901,497,26,0
901,498,27,1
1001,461,1,0
1001,462,2,0
1001,463,3,0
1001,464,4,0
1001,465,5,0
1001,466,6,0
1001,467,7,0
1001,468,8,0
1001,469,9,0
1001,500,10,0
1001,501,11,0
1001,502,12,0
1001,503,13,0
1001,504,14,0
1001,505,15,0
1001,506,16,0
1001,507,17,0
1001,508,18,0
1001,509,19,0
1001,510,20,0
1001,511,21,0
1001,512,22,0
1001,513,23,0
1001,514,24,0
1001,515,25,0
1001,454,26,0
1001,100,27,0
1001,493,28,0
1001,494,29,0
1001,495,30,0
1001,300,31,1
1101,547,1,0
1101,528,2,0
1101,530,3,0
1101,531,4,0
1101,532,5,0
1101,533,6,0
1101,534,7,0
1101,535,8,0
1101,536,9,0
1101,537,10,0
1101,538,11,0
1101,539,12,0
1101,404,13,0
1101,417,14,0
1101,418,15,0
1101,546,16,0
1101,423,17,0
1101,424,18,0
1101,425,19,0
1101,426,20,0
1101,427,21,0
1101,200,22,0
1101,428,23,0
1101,429,24,0
1101,430,25,0
1101,431,26,0
1101,432,27,0
1101,433,28,0
1101,434,29,0
1101,435,30,0
1101,436,31,0
1101,437,32,0
1101,438,33,0
1101,439,34,0
1101,440,35,0
1101,441,36,0
1101,442,37,0
1101,443,38,0
1101,444,39,0
1101,445,40,0
1101,446,41,0
1101,447,42,1
1200,498,1,0
1200,499,2,0
1200,300,3,0
1200,401,4,0
1200,402,5,0
1200,403,6,0
1200,404,7,0
1200,550,8,0
1200,551,9,0
1200,552,10,0
1200,553,11,0
1200,554,12,1
1201,554,1,0
1201,555,2,0
1201,556,3,0
1201,557,4,0
1201,558,5,0
1201,559,6,0
1201,494,7,0
1201,495,8,0
1201,496,9,0
1201,497,10,0
1201,498,11,0
1201,499,12,1
1401,452,1,0
1401,548,2,0
1401,549,3,0
1401,473,4,0
1401,474,5,0
1401,475,6,0
1401,476,7,0
1401,479,8,0
1401,480,9,0
1401,481,10,0
1401,482,11,0
1401,483,12,0
1401,560,13,0
1401,484,14,0
1401,485,15,0
1401,494,16,0
1401,495,17,0
1401,496,18,0
1401,300,19,1
1501,300,1,0
1501,401,2,0
1501,402,3,0
1501,403,4,0
1501,404,5,0
1501,417,6,0
1501,418,7,0
1501,546,8,0
1501,423,9,0
1501,424,10,0
1501,425,11,0
1501,426,12,0
1501,427,13,0
1501,200,14,0
1501,428,15,0
1501,429,16,0
1501,430,17,0
1501,455,18,0
1501,456,19,0
1501,457,20,0
1501,458,21,0
1501,459,22,0
1501,460,23,0
1501,541,24,1
1601,452,1,0
1601,572,2,0
1601,548,3,0
1601,561,4,0
1601,571,5,0
1601,570,6,0
1601,569,7,0
1601,568,8,0
1601,567,9,0
1601,566,10,0
1601,565,11,0
1601,564,12,0
1601,563,13,0
1601,562,14,0
1601,470,15,0
1601,471,16,0
1601,472,17,0
1601,473,18,0
1601,474,19,0
1601,475,20,0
1601,476,21,0
1601,494,22,0
1601,495,23,0
1601,496,24,0
1601,300,25,1
